865 959
715 487
358 553
805 144
386 848
566 347
153 454
250 157
438 751
382 97
304 183
417 785
688 641
208 374
447 342
32 165
326 721
57 163
277 653
574 237
171 845
416 598
791 325
461 674
530 418
562 143
253 841
429 362
488 576
350 87
203 214
247 681
41 74
399 139
221 439
78 708
586 227
124 595
264 611
232 480
561 646
808 844
47 692
567 680
366 793
14 270
309 745
719 614
19 313
703 248
413 589
554 183
721 784
617 147
208 365
564 430
146 87
60 277
764 43
130 50
154 55
260 271
169 809
607 305
82 144
384 101
861 3
781 393
752 83
530 574
789 365
428 739
321 707
748 66
421 499
765 425
521 136
769 783
727 513
545 803
767 373
751 644
627 87
418 558
145 302
311 658
511 161
842 191
818 423
595 338
750 650
745 705
653 78
245 225
756 287
744 140
52 830
735 795
738 643
37 213
92 792
281 22
518 720
423 532
280 786
499 777
753 44
673 277
548 229
259 756
838 255
94 648
847 31
700 770
670 561
312 632
501 650
107 46
646 5
221 177
481 328
566 548
626 271
67 567
844 615
107 741
542 215
803 203
338 711
92 386
165 372
149 522
36 355
778 669
363 147
433 644
31 33
321 354
642 414
618 420
806 803
86 492
576 548
3 651
841 444
421 345
731 81
527 327
827 850
250 678
324 225
40 558
799 149
367 395
588 333
164 348
614 272
426 399
762 158
446 415
112 57
155 412
605 496
476 494
302 689
188 240
90 163
65 836
761 730
804 474
822 712
630 450
128 41
439 49
847 752
3 506
833 214
103 239
673 525
292 773
397 359
324 558
161 421
404 540
528 148
184 733
588 425
270 694
418 711
858 602
179 252
345 49
494 261
422 486
611 840
185 653
382 804
381 78
296 70
16 256
789 748
114 673
778 266
298 296
96 640
754 99
282 826
812 506
488 362
415 762
556 850
45 52
89 470
208 722
151 335
824 574
261 39
714 580
61 136
338 824
103 492
457 665
436 70
653 229
714 271
797 108
830 490
788 200
614 667
356 274
634 692
539 256
536 844
292 839
83 841
547 566
293 624
577 347
592 678
101 235
75 864
476 724
752 135
146 568
833 262
384 675
579 113
195 580
755 523
37 584
849 562
865 746
704 219
473 382
779 777
124 407
822 208
53 328
222 305
809 240
751 772
852 7
618 790
29 720
27 55
4 487
198 754
359 378
21 553
37 390
278 588
634 445
122 101
707 188
754 425
206 68
291 255
408 811
174 503
741 515
216 467
21 571
307 720
750 356
82 175
514 496
199 587
517 736
586 794
371 108
35 324
657 772
718 188
277 852
124 388
270 108
8 549
149 413
447 63
13 550
636 641
358 408
541 664
53 492
156 153
728 778
726 387
403 689
395 68
207 356
354 50
828 381
372 834
265 351
66 631
847 422
469 618
97 455
63 766
490 184
408 159
404 232
345 107
513 322
324 83
628 570
488 737
206 210
854 47
865 37
844 542
254 293
758 652
841 94
184 283
247 178
69 265
274 726
758 810
691 416
749 451
302 371
709 109
345 217
301 422
809 125
254 273
706 34
211 828
122 813
376 608
548 284
853 634
128 207
707 522
96 760
75 835
160 780
800 171
169 747
216 493
367 711
581 731
357 732
37 225
638 653
348 460
841 424
820 152
681 341
840 704
426 844
140 504
848 758
22 168
75 149
180 229
857 149
553 472
376 205
695 39
79 692
153 61
251 730
134 562
735 7
714 497
588 128
188 700
494 792
242 48
615 510
728 685
129 765
763 739
437 421
545 53
431 438
802 19
206 789
479 178
780 391
444 9
474 201
464 635
15 797
507 392
650 288
22 810
103 324
339 457
641 375
181 438
773 322
728 208
217 736
738 521
28 646
390 601
201 139
423 682
733 590
676 130
159 702
367 389
751 121
780 520
60 709
844 300
298 427
826 748
381 776
314 824
82 152
315 268
739 638
39 633
817 533
317 546
583 561
742 859
127 611
649 563
496 77
489 858
174 546
219 667
791 401
276 84
224 5
18 572
55 410
611 839
863 830
183 690
218 697
239 460
666 78
750 607
296 375
355 480
570 259
138 525
618 666
386 171
415 461
851 44
391 530
223 835
537 374
677 29
145 388
591 849
153 522
507 59
102 765
33 474
231 599
471 590
526 557
539 519
191 45
730 676
194 642
792 63
32 416
12 513
298 328
181 833
595 785
573 10
213 436
340 10
668 206
331 661
45 610
312 202
293 488
397 269
711 316
643 111
572 644
451 323
73 381
232 97
280 437
570 284
797 352
848 700
801 723
426 500
70 177
693 594
251 700
156 696
97 578
842 616
760 541
753 137
447 728
665 312
759 407
490 140
278 467
79 846
465 196
484 701
82 557
477 239
244 342
855 312
559 190
748 140
685 752
12 741
614 2
82 371
727 18
675 816
754 414
185 438
232 441
821 665
62 837
743 609
83 240
31 549
84 446
694 5
143 508
597 713
256 171
434 438
496 181
338 279
39 842
360 390
632 32
138 732
64 470
503 665
197 478
304 460
643 633
276 569
284 542
341 150
681 181
647 262
126 226
296 213
332 70
310 659
814 44
792 760
625 214
503 358
675 401
429 149
260 683
774 622
253 124
842 523
637 115
348 124
268 550
642 482
80 156
623 75
358 729
659 163
189 36
663 732
622 609
238 392
365 512
130 387
752 715
619 497
250 628
41 381
417 90
77 153
536 400
194 203
518 224
844 421
383 260
789 69
657 26
203 499
61 68
217 375
660 686
841 775
606 379
154 725
754 438
572 432
709 326
743 824
320 563
256 722
264 575
427 99
440 718
347 513
723 499
224 766
422 648
88 243
802 402
375 572
368 23
4 688
463 156
11 567
354 557
318 80
461 51
200 49
796 390
532 539
797 604
18 854
530 514
392 161
613 844
250 579
510 321
103 24
533 73
836 345
591 818
184 662
278 779
256 509
48 710
383 774
327 757
487 570
419 298
783 789
114 123
836 176
18 669
129 499
733 216
390 572
89 450
301 553
774 817
29 460
416 279
340 464
570 591
738 102
462 383
296 610
666 323
247 374
403 205
364 211
582 32
481 338
785 665
83 269
540 327
451 306
864 113
403 691
787 742
688 350
791 182
800 180
175 769
297 669
352 811
508 526
159 834
329 831
95 148
499 161
553 25
165 264
291 815
147 551
83 81
412 131
573 491
21 408
384 288
4 25
547 807
389 339
55 742
499 376
674 119
823 162
665 575
16 425
226 292
165 47
474 136
660 774
799 473
388 619
343 708
165 350
295 814
29 125
100 40
251 537
668 707
854 46
635 528
329 349
402 637
525 311
461 498
112 508
244 37
354 667
259 460
115 765
811 540
616 618
125 566
785 586
308 519
251 175
727 748
462 367
169 243
846 727
183 595
628 204
78 277
502 150
770 143
729 427
331 163
843 227
317 648
335 834
96 459
503 853
364 48
117 529
418 750
723 714
685 64
573 785
407 837
812 433
815 771
829 372
642 33
584 104
299 820
42 425
609 77
149 102
437 807
761 77
797 389
357 520
365 555
77 470
198 658
253 18
784 127
427 453
292 43
370 487
650 405
688 279
781 211
646 204
677 503
247 696
491 806
52 845
688 225
654 625
284 593
244 406
182 374
112 542
125 401
463 620
352 185
353 232
368 208
546 610
637 238
523 786
66 859
574 632
97 227
37 389
517 617
382 99
309 823
616 501
665 624
138 121
62 540
65 60
859 677
399 197
239 335
608 567
645 515
579 121
124 74
536 820
550 853
318 440
742 436
341 100
266 654
720 58
354 815
8 454
556 439
768 770
417 212
219 637
438 322
611 247
122 674
553 114
725 410
326 410
587 498
214 675
463 59
576 820
103 602
815 162
428 352
51 807
82 709
732 841
604 566
320 679
242 218
584 787
726 136
854 445
639 179
817 342
380 477
528 12
674 507
144 743
6 238
614 19
815 812
768 742
191 356
801 144
632 620
598 496
696 495
394 306
632 460
577 37
41 657
528 52
158 644
847 275
70 529
161 862
363 845
223 323
449 76
32 852
682 397
295 312
69 308
588 408
519 571
822 434
793 750
276 774
396 368
843 443
371 232
855 318
765 786
635 120
785 608
458 218
597 66
677 205
837 761
689 344
23 554
367 110
613 644
503 528
43 395
441 210
693 161
575 46
176 40
42 851
246 752
307 186
161 399
49 482
46 335
80 217
11 79
444 71
484 779
591 241
819 444
225 567
675 759
772 612
193 686
662 386
100 251
544 73
84 675
502 129
421 797
490 2
127 316
723 658
637 327
675 461
676 654
601 845
220 847
539 127
482 507
