870 2572
693 665
363 849
452 105
312 806
48 667
394 820
187 57
381 206
333 171
341 672
785 509
700 323
183 489
701 673
113 189
507 265
35 123
346 754
739 268
528 739
733 684
93 834
355 826
337 859
428 233
644 767
69 579
128 608
588 622
866 223
114 600
558 761
560 232
775 472
840 435
675 137
72 466
426 796
479 42
587 677
329 200
296 458
521 636
41 663
815 445
728 461
429 296
603 820
659 490
281 644
589 689
322 40
363 291
461 733
704 277
452 29
603 734
337 467
134 33
743 397
818 804
640 166
787 108
32 39
534 582
538 834
786 204
20 770
516 655
39 705
625 88
481 143
817 184
191 589
805 796
130 4
776 622
423 686
835 694
124 234
752 515
330 463
576 491
65 649
450 325
122 322
153 840
435 341
836 202
498 514
191 485
466 731
767 812
491 343
181 68
258 642
153 706
337 251
622 473
162 734
509 338
777 515
65 836
762 354
196 217
128 7
159 802
145 570
556 694
7 803
368 386
792 548
669 866
124 621
577 310
338 258
764 234
766 151
345 665
417 292
521 702
116 435
710 304
116 34
307 364
684 188
724 475
714 17
109 729
830 715
652 223
377 302
91 841
679 72
443 663
816 464
212 547
598 726
736 263
4 798
428 324
542 158
745 18
106 3
288 641
865 291
301 826
652 559
824 793
568 590
181 484
370 1
580 671
356 838
743 381
700 848
7 306
467 751
562 753
378 50
224 98
457 209
460 725
232 557
17 349
162 213
382 471
114 848
425 651
502 491
582 30
516 524
355 845
320 185
220 207
4 178
584 15
468 80
180 730
400 144
664 695
368 228
523 547
12 671
709 274
296 411
812 374
634 559
526 700
410 725
529 6
345 836
15 441
474 823
608 78
591 191
24 431
833 69
172 31
584 167
820 325
128 412
495 123
867 162
297 603
525 419
449 410
677 530
429 479
730 172
363 16
755 220
791 42
562 494
818 51
339 398
396 50
109 295
493 136
662 358
131 807
208 435
61 442
338 225
411 701
378 117
312 38
96 845
563 226
393 235
675 307
126 19
474 592
416 844
845 138
460 309
573 671
357 805
322 767
287 371
662 142
594 208
650 27
372 659
691 247
413 431
507 444
198 272
222 410
866 851
5 644
158 372
430 248
322 449
426 823
802 298
247 543
452 444
676 427
371 772
94 740
545 662
628 179
786 578
56 678
769 688
366 504
150 19
228 572
709 480
13 297
416 227
549 60
510 45
61 114
72 842
592 726
369 323
170 449
426 282
302 247
560 72
371 71
338 750
402 375
340 285
857 749
346 585
492 107
116 324
108 487
320 727
192 284
305 584
130 222
852 750
137 176
492 188
244 87
287 366
734 712
455 473
555 352
690 31
663 718
850 83
337 308
373 171
102 347
655 496
696 842
831 391
2 125
624 479
243 6
392 235
837 760
328 776
493 584
303 776
661 668
564 699
216 809
518 414
474 602
780 146
857 846
165 252
206 22
56 537
734 322
454 351
205 486
321 284
104 156
802 325
15 677
474 29
536 809
384 598
760 332
640 210
200 798
184 131
111 125
421 250
593 812
443 837
622 363
151 820
787 201
328 749
222 803
153 856
544 557
12 498
651 833
751 263
202 311
537 53
645 759
560 242
315 854
803 342
524 595
131 29
438 303
385 337
207 380
394 129
434 40
623 357
22 766
189 732
559 120
653 568
291 277
396 108
803 692
244 870
136 508
748 700
819 276
840 250
694 245
199 372
421 528
409 120
600 730
325 223
113 569
862 830
683 184
702 228
117 455
686 520
410 338
854 35
307 860
507 763
509 168
806 134
517 614
240 798
278 144
298 377
64 721
447 827
91 299
353 757
500 844
659 346
515 459
668 65
848 159
175 622
198 559
15 111
7 282
365 625
341 93
264 449
477 387
278 171
798 391
598 753
675 88
56 744
510 341
848 457
388 804
454 557
448 59
821 187
469 763
83 345
263 447
339 374
164 190
204 222
499 521
248 734
506 22
417 433
330 277
117 837
13 480
477 541
731 810
35 456
132 531
160 177
272 309
770 44
662 573
763 164
24 107
632 693
616 90
657 83
125 648
348 247
688 129
622 270
859 168
327 221
611 430
25 189
578 189
784 548
512 697
643 788
25 768
306 309
356 30
358 16
816 692
639 405
162 676
789 505
243 817
721 361
761 708
64 217
157 639
836 497
667 442
14 134
126 395
490 248
552 205
746 636
217 171
608 629
565 4
645 241
444 840
13 274
549 160
164 824
790 74
41 6
65 738
689 805
625 588
838 198
715 450
630 243
724 380
786 158
454 816
572 312
130 455
408 733
339 71
710 202
167 638
803 731
751 628
57 96
481 743
173 745
853 690
820 827
417 309
556 192
406 273
427 553
379 334
730 767
196 378
108 81
164 323
93 601
615 500
286 698
782 863
259 516
365 719
186 163
593 673
497 276
862 586
620 75
432 628
811 48
707 760
557 460
447 361
432 190
31 366
453 205
242 861
186 574
318 837
671 835
656 749
34 388
508 563
660 237
754 141
536 733
405 27
571 618
86 773
792 76
406 705
138 834
488 387
163 259
510 820
591 190
278 857
81 766
394 110
213 170
270 693
754 53
475 572
663 626
720 650
467 764
484 806
140 379
819 765
715 572
187 781
424 713
820 117
831 694
617 388
122 487
196 511
43 66
426 177
29 447
113 803
573 237
806 775
320 136
303 49
669 458
267 439
736 767
24 811
705 833
833 308
815 775
504 819
727 165
511 144
518 725
741 89
523 282
601 718
544 679
226 819
113 804
150 578
579 598
292 301
93 524
685 381
796 256
123 675
680 131
681 27
786 489
210 741
652 396
691 466
486 131
37 320
350 627
8 834
90 84
519 408
633 76
553 514
67 489
231 464
572 57
519 41
484 723
394 234
87 406
516 219
611 223
171 513
451 730
88 128
306 203
362 585
81 796
245 502
391 600
30 296
548 272
452 141
660 426
669 535
826 459
315 232
585 218
469 308
474 500
277 737
648 459
752 634
254 94
463 588
602 468
536 5
591 234
708 438
675 7
696 843
842 99
261 492
420 726
129 610
594 512
194 395
557 546
389 176
266 112
30 674
205 562
259 19
354 322
317 334
212 17
123 3
107 205
676 125
126 12
429 163
102 448
319 90
323 840
731 10
469 543
146 764
183 204
8 848
615 770
212 314
213 538
362 164
594 68
61 608
796 623
360 807
716 444
274 692
5 548
870 807
340 85
142 601
640 280
212 143
160 125
823 441
698 440
221 455
39 64
331 523
98 370
345 698
751 616
57 161
95 825
61 495
671 650
303 534
586 555
1 857
327 474
775 481
744 521
29 769
486 215
365 767
276 369
204 643
25 55
850 361
251 181
289 762
823 125
402 209
663 724
328 38
802 655
50 565
225 118
860 130
544 89
85 705
822 46
537 174
442 580
407 475
101 412
672 509
564 206
736 672
204 237
294 572
481 27
136 21
302 614
729 365
603 42
200 50
422 378
672 22
837 255
607 848
59 147
294 853
597 100
272 312
257 180
741 809
590 763
96 11
829 759
524 221
711 680
57 75
576 538
547 21
213 574
159 347
552 104
826 562
591 691
124 151
8 512
38 321
595 443
317 437
376 131
380 644
431 487
713 4
53 337
693 428
223 1
252 74
769 334
510 349
293 83
811 215
23 302
707 558
444 699
730 624
531 820
626 202
384 481
224 789
482 345
559 372
67 618
763 665
286 93
221 258
147 611
439 609
742 305
475 834
31 92
841 397
510 654
331 607
258 853
744 89
697 802
384 739
278 606
251 596
547 3
306 687
148 513
169 87
486 221
48 656
541 770
137 541
434 117
753 785
129 706
611 578
449 762
838 394
803 180
125 853
860 853
112 160
169 190
576 362
617 229
449 800
858 652
531 725
325 126
94 687
774 829
124 808
250 479
621 241
289 179
772 867
853 494
459 434
239 771
790 497
383 805
560 28
338 464
391 752
142 526
714 320
424 815
167 73
23 506
407 357
299 548
428 46
333 65
698 361
717 582
497 533
524 538
333 306
522 628
562 521
617 383
726 331
847 407
319 841
684 53
432 791
769 392
864 703
367 169
40 228
417 483
271 354
590 734
349 201
169 355
647 312
321 552
527 520
569 404
140 362
805 737
757 562
26 594
134 292
784 522
678 106
79 6
48 495
214 811
50 776
325 386
308 571
130 144
115 850
629 527
763 535
727 150
177 395
680 318
754 678
760 705
105 782
355 186
449 779
780 841
467 11
144 593
273 454
312 178
6 769
602 223
656 795
750 538
182 808
701 98
259 634
115 481
209 36
28 735
485 191
52 502
489 308
71 332
181 833
810 460
816 544
639 706
531 640
415 323
147 830
831 518
405 591
374 694
375 316
362 202
36 27
787 709
519 421
350 13
12 425
126 717
507 605
201 666
861 209
437 826
646 808
3 822
268 312
306 71
89 365
622 577
683 248
811 463
482 772
708 128
470 595
869 599
537 790
456 219
755 771
28 620
524 372
657 775
31 324
444 859
170 654
281 78
299 347
837 65
340 751
415 255
220 69
148 410
572 495
629 175
824 847
347 305
439 431
630 361
370 114
6 428
669 815
690 769
692 240
628 675
773 326
297 104
814 248
432 736
94 89
42 534
133 765
632 639
745 538
465 165
84 215
520 48
428 96
494 397
837 847
502 551
86 806
806 559
867 441
198 256
219 669
73 759
331 756
794 196
426 481
209 442
785 850
290 541
646 794
776 129
671 815
139 383
435 803
823 409
460 745
443 523
581 649
106 788
696 844
289 138
532 50
326 730
403 565
869 287
320 149
671 647
209 565
13 345
180 543
551 568
627 174
361 729
244 636
597 619
822 640
452 427
600 810
746 83
486 864
713 594
42 314
153 738
831 254
512 54
566 674
864 537
406 144
617 311
694 604
435 633
399 841
788 485
414 745
245 375
250 641
51 653
631 766
673 561
834 742
824 416
199 55
844 629
868 543
47 318
452 814
455 350
113 259
9 728
503 626
382 48
363 624
567 403
458 388
834 523
462 792
856 527
534 779
355 686
227 741
124 580
514 860
402 206
355 242
85 863
840 551
825 648
788 177
577 149
868 103
712 54
289 270
695 215
516 621
591 861
775 159
264 401
804 160
111 141
189 158
66 203
749 70
737 252
424 477
407 281
523 755
502 693
170 148
233 77
621 12
130 735
208 381
205 197
317 598
66 32
620 324
306 457
788 498
58 358
762 600
258 187
844 70
562 476
817 44
692 50
680 602
383 555
723 326
870 516
19 22
383 214
611 51
163 327
388 258
400 568
594 440
482 299
814 129
389 760
176 353
214 297
472 290
803 599
607 212
590 180
635 64
476 18
11 433
416 777
720 253
4 718
647 153
28 640
807 471
376 402
424 601
85 546
225 152
216 475
402 450
253 405
75 288
135 721
322 219
90 242
252 837
753 744
131 483
719 601
408 721
778 13
563 91
511 770
384 740
6 721
867 497
388 353
392 666
525 758
33 853
682 816
257 464
738 683
22 9
461 16
373 611
486 727
285 813
351 792
518 357
410 436
749 815
860 854
510 253
786 52
401 527
58 536
189 19
299 488
374 730
863 150
73 688
517 309
449 508
258 514
779 729
121 668
784 113
786 781
272 597
762 636
693 287
289 105
370 808
609 125
518 154
278 766
636 772
708 649
413 456
56 646
504 578
527 135
517 318
791 819
778 273
317 627
67 84
568 197
125 544
383 91
57 763
723 13
742 475
51 286
126 443
1 568
733 615
402 140
3 557
632 390
261 140
728 548
346 593
404 112
444 275
284 338
341 346
24 474
157 597
834 567
138 110
692 819
793 266
426 744
482 700
142 391
274 519
648 243
496 832
265 242
837 375
713 716
776 23
69 536
858 66
641 626
258 602
420 259
546 689
179 129
490 75
68 822
199 794
584 510
494 505
281 236
101 467
420 101
656 629
859 683
737 768
587 511
20 830
520 436
390 535
696 800
688 63
372 3
834 447
29 148
15 831
52 43
63 62
182 260
758 693
850 799
657 523
78 441
759 61
471 730
457 210
794 243
580 704
121 573
329 770
164 274
257 859
834 512
47 455
462 708
197 764
623 679
664 522
847 27
100 774
826 254
71 793
19 280
147 847
81 793
466 853
350 213
171 869
78 563
501 668
784 640
50 858
198 724
255 472
827 715
153 99
209 465
194 76
285 796
43 854
511 79
469 523
201 594
492 522
331 211
466 844
267 584
415 627
346 406
736 18
431 334
659 756
456 388
664 745
382 398
717 748
486 260
119 75
581 743
488 629
253 342
165 367
661 168
39 266
231 779
278 139
297 120
394 79
497 157
741 114
84 256
2 703
414 63
542 429
860 27
613 579
693 437
289 823
472 465
399 318
20 510
136 296
818 828
402 74
224 481
617 705
763 85
376 646
654 345
177 619
344 826
642 535
352 261
417 52
616 388
103 439
359 66
257 822
168 716
577 816
689 631
541 810
502 720
527 321
267 768
414 522
53 202
414 861
240 601
745 71
640 847
239 710
10 711
265 798
513 263
642 376
626 286
147 180
112 462
322 588
210 854
501 314
313 459
660 58
752 328
749 567
183 372
314 133
151 160
481 233
805 419
827 154
789 591
807 447
657 124
9 450
502 271
175 159
842 373
643 169
165 853
778 397
447 714
124 581
234 287
326 232
184 689
667 377
133 333
691 367
140 100
786 105
466 601
15 238
589 234
865 401
834 630
340 530
92 518
256 74
665 221
304 574
674 94
710 703
362 268
507 806
291 351
807 158
516 652
793 718
791 251
802 506
508 677
675 808
709 632
715 275
430 379
469 479
715 475
664 716
662 107
585 78
422 863
847 202
338 381
48 224
47 808
837 416
180 274
632 467
390 583
2 246
736 276
825 76
19 440
100 565
750 22
454 4
368 197
43 325
599 375
822 169
398 591
19 227
847 356
422 172
760 235
836 285
452 764
254 245
119 276
104 670
395 91
418 679
686 433
835 675
473 51
453 690
639 559
811 503
280 152
431 494
566 10
770 474
184 169
96 27
519 128
213 605
513 356
514 362
435 463
843 506
58 542
713 454
47 624
273 799
551 629
685 641
794 758
100 238
65 388
157 715
78 227
196 204
161 358
540 806
725 819
755 852
565 730
750 805
203 124
314 386
245 4
545 262
711 657
216 193
70 177
416 787
103 100
646 691
685 396
813 727
813 162
778 388
763 245
841 150
783 735
133 96
288 865
222 558
26 352
544 237
836 814
138 537
840 297
624 630
92 46
633 374
652 702
690 864
824 338
644 751
336 663
758 654
267 308
490 634
148 78
461 1
191 754
322 178
820 181
161 368
132 151
633 142
597 325
154 381
805 350
240 57
324 670
612 329
262 267
36 602
715 730
239 167
149 720
95 185
336 825
840 633
589 866
474 276
619 250
82 305
843 184
459 180
664 235
477 559
614 709
320 406
414 771
738 33
336 758
723 386
210 646
694 485
409 314
265 846
696 683
789 243
76 181
22 532
385 696
830 282
372 824
547 490
567 418
547 283
291 168
703 121
542 659
706 376
726 43
217 349
573 8
186 378
332 493
80 350
612 56
743 103
604 495
65 483
53 389
704 766
363 350
807 166
210 784
674 249
197 609
588 343
202 380
20 475
132 672
544 800
191 642
540 594
158 643
641 816
87 413
509 245
606 797
411 627
11 370
650 369
86 223
489 121
192 814
210 197
698 677
731 753
525 549
748 777
224 292
742 152
432 166
693 20
385 827
13 551
451 412
507 158
345 47
851 365
206 843
266 420
196 488
129 746
664 111
4 752
831 566
119 736
655 819
272 82
490 575
479 744
777 129
79 418
653 761
34 84
861 630
536 653
349 461
833 807
317 313
121 278
786 301
326 114
757 822
392 394
825 513
589 616
56 428
574 423
188 230
668 243
232 387
345 676
514 338
73 757
40 864
423 313
631 547
444 463
274 566
266 571
13 147
864 764
612 573
260 423
689 678
109 635
383 699
756 135
829 727
277 10
615 124
72 196
290 135
474 21
244 450
814 153
262 810
122 361
327 336
727 825
302 299
768 721
418 174
43 524
237 536
610 671
420 303
321 136
118 114
802 12
676 565
474 190
517 64
103 289
124 509
660 468
81 40
2 778
791 67
689 76
546 463
450 718
347 439
832 474
499 326
151 337
823 152
286 424
358 11
330 590
185 321
242 306
740 53
462 674
392 101
530 311
640 283
824 104
2 297
756 282
99 577
814 312
338 401
865 352
206 29
672 704
656 192
43 448
704 518
170 789
337 58
256 636
554 703
223 134
461 695
570 34
444 10
459 52
425 228
426 250
852 581
172 778
410 13
581 610
345 791
124 776
858 607
624 827
547 425
787 396
805 672
555 216
578 196
389 611
321 853
565 596
779 103
112 126
809 40
7 819
462 865
819 67
658 831
752 46
632 644
93 805
684 835
629 718
596 730
614 201
292 820
68 690
507 825
716 825
364 415
591 203
810 533
348 820
617 159
156 269
230 268
205 578
773 869
6 637
505 748
179 184
220 718
761 821
721 351
745 57
586 15
731 250
676 553
273 777
337 312
500 800
691 792
843 629
753 58
753 566
646 719
8 847
211 105
164 452
183 322
729 738
409 641
284 571
324 276
381 325
420 189
331 785
614 360
707 662
377 709
103 237
766 439
757 336
84 452
104 410
583 802
508 498
6 170
698 347
835 70
176 759
467 421
341 734
713 363
487 624
155 6
595 702
246 670
306 505
74 519
57 376
540 808
632 697
33 487
489 824
733 538
590 712
646 558
851 387
709 198
661 777
316 814
279 780
270 733
271 652
663 447
207 436
431 16
109 67
614 720
693 94
108 658
275 237
811 495
408 352
762 44
500 635
379 823
468 183
507 852
609 122
261 152
672 198
356 599
180 488
327 651
534 426
744 297
524 340
691 339
103 449
607 47
644 59
383 849
791 820
78 634
500 102
712 91
302 207
218 690
348 415
405 21
28 439
708 612
214 655
142 70
217 506
645 85
757 240
639 252
549 649
572 171
718 190
833 78
262 160
513 23
551 618
410 107
408 511
390 4
141 419
757 840
683 605
372 167
580 89
231 860
142 532
234 541
806 527
535 441
95 108
614 594
194 360
784 835
342 495
92 360
399 28
459 852
388 344
561 525
690 21
85 327
213 728
454 516
572 484
118 122
320 45
176 183
327 359
162 768
623 743
679 202
439 155
216 139
372 539
155 571
181 59
357 555
723 846
745 778
809 838
114 522
830 172
597 175
29 701
618 561
399 864
554 345
57 482
745 548
337 567
250 173
196 340
125 346
715 493
807 323
274 749
847 728
97 505
775 794
742 459
526 391
524 269
76 350
688 344
177 417
70 713
257 410
466 726
330 438
114 459
314 332
407 372
335 758
583 719
824 529
804 146
553 520
481 375
223 625
575 443
759 398
279 149
504 642
394 640
481 703
200 847
772 608
561 28
84 501
191 563
164 90
129 168
256 848
795 702
372 114
297 23
103 482
414 91
15 59
384 469
42 103
562 699
88 729
215 576
127 151
460 758
744 303
512 576
766 463
863 558
295 529
426 594
425 746
64 422
706 621
102 418
599 431
632 310
34 143
552 720
612 574
162 638
479 146
684 100
264 497
343 658
346 792
185 560
59 526
12 642
745 853
563 781
86 805
125 470
474 869
553 94
517 96
386 738
741 700
689 844
499 379
465 703
800 742
549 800
382 627
330 22
663 694
372 26
544 763
192 81
302 144
304 102
647 510
174 533
11 408
33 416
751 399
428 667
112 305
112 97
792 576
41 718
335 121
11 671
431 736
306 337
859 237
314 836
793 212
401 787
310 312
521 738
495 419
206 377
151 29
76 463
392 127
20 831
214 836
380 430
2 303
511 35
663 166
294 527
118 286
743 500
8 631
714 561
823 726
862 535
220 47
632 441
245 452
689 67
157 866
357 213
49 236
524 283
358 778
287 112
660 299
718 428
496 599
444 589
687 499
841 492
236 482
847 855
702 565
371 176
261 177
228 623
340 824
140 152
803 127
292 35
813 820
807 799
193 546
71 250
219 344
555 543
374 336
227 264
326 242
802 345
306 466
386 778
440 341
634 213
118 535
709 400
321 716
747 744
19 645
497 738
633 334
724 454
376 225
143 369
557 45
472 531
162 471
364 690
533 196
235 465
634 294
278 481
608 698
482 650
569 257
604 731
401 663
466 739
198 459
534 560
722 432
277 15
318 447
175 819
142 841
288 744
607 385
276 90
233 392
841 73
568 746
219 16
29 638
703 738
37 401
67 753
783 556
843 369
185 606
137 406
854 741
606 479
221 611
810 619
388 801
356 253
673 149
50 333
711 128
269 173
591 320
835 700
93 474
60 600
519 116
118 450
672 271
486 252
663 195
536 104
353 681
486 826
398 342
794 575
790 194
495 568
407 203
598 186
800 109
769 755
111 370
169 82
479 547
135 471
636 19
484 768
416 129
811 802
174 321
573 90
791 7
617 685
417 333
218 254
580 182
265 767
250 39
439 359
864 129
766 763
669 670
637 404
837 690
565 477
805 78
299 207
102 656
34 605
751 13
458 868
612 379
388 452
230 789
389 157
122 319
433 757
86 297
721 752
596 27
375 595
211 690
768 13
700 855
168 330
777 202
374 391
46 608
681 773
472 395
825 803
94 6
479 125
779 299
138 519
604 841
184 185
149 458
98 332
279 225
11 591
849 678
606 12
457 59
664 445
632 60
776 417
299 482
816 244
50 711
553 350
455 223
866 824
777 568
318 664
265 423
214 788
488 227
515 511
109 699
527 591
82 784
712 210
15 850
835 621
175 743
850 119
182 867
411 564
233 706
307 58
1 17
348 328
866 279
152 781
544 618
154 561
340 804
487 456
249 291
81 521
27 327
638 311
839 370
95 639
790 850
136 383
648 444
577 573
505 522
514 647
572 203
684 346
793 721
283 141
50 221
436 563
438 727
136 272
143 734
662 464
5 729
806 866
175 548
273 846
327 407
311 818
679 521
810 456
79 845
675 385
126 424
274 432
521 446
792 790
726 607
855 199
450 657
533 729
274 451
386 649
118 655
654 411
288 363
457 754
280 85
745 103
799 700
823 145
702 321
226 865
669 405
173 806
780 351
266 443
547 455
132 448
669 850
488 502
415 453
570 291
254 776
477 705
79 573
80 629
9 228
158 391
149 103
200 665
366 817
480 692
561 298
106 524
654 525
522 729
701 67
702 271
12 373
693 377
857 451
291 867
370 421
338 753
657 305
339 568
308 136
533 166
425 492
668 378
246 25
121 171
449 502
492 628
358 733
323 461
610 651
367 97
364 235
616 17
415 661
614 131
115 361
760 189
173 483
525 142
245 548
521 465
425 31
795 392
627 716
267 134
302 96
180 621
706 798
260 676
389 525
393 183
213 644
642 396
58 240
725 812
815 561
87 426
730 2
495 825
867 744
228 634
687 38
505 559
415 291
789 173
42 136
455 650
140 122
693 252
772 58
121 181
620 348
340 657
712 474
725 769
597 60
542 258
598 784
433 852
125 374
272 5
163 604
148 435
707 155
