1000 9882
985 541
113 874
151 648
391 581
802 492
342 29
309 204
241 142
161 333
592 119
954 514
117 900
354 342
617 452
467 685
412 122
235 569
588 195
825 279
493 897
114 374
977 572
389 838
449 251
838 639
511 877
293 442
421 117
4 35
705 938
122 204
566 152
359 735
14 508
182 866
369 925
354 43
317 149
116 132
247 661
108 126
810 502
408 842
164 143
672 443
66 413
919 41
577 434
649 541
559 6
192 80
391 400
47 338
88 353
257 916
500 150
840 555
24 554
795 261
339 129
747 12
468 475
453 137
681 686
738 457
610 436
72 147
145 985
489 997
918 188
499 116
245 664
376 233
547 130
710 690
628 479
903 57
119 724
814 876
48 123
893 909
968 60
24 628
516 798
646 869
208 369
614 41
139 334
761 893
548 399
401 766
149 324
632 248
815 935
284 685
820 527
111 449
142 567
519 580
121 260
670 9
485 333
381 428
977 237
665 568
189 458
63 497
194 96
801 200
80 368
143 425
694 345
275 225
210 774
905 122
501 505
707 290
878 441
149 964
95 49
243 834
136 8
815 328
139 987
692 5
911 805
795 820
283 88
527 245
144 898
18 999
957 24
154 295
514 583
790 504
773 742
723 967
248 421
340 125
912 278
841 432
587 148
774 940
568 820
945 64
687 209
672 374
364 410
644 740
572 772
982 774
866 807
852 502
637 616
853 539
358 75
555 829
314 997
496 960
685 178
179 757
3 547
222 693
6 902
793 226
8 870
233 45
675 194
826 90
510 451
981 13
410 709
806 699
932 578
220 684
846 136
318 353
160 911
293 941
525 862
712 315
713 710
848 427
42 510
356 146
530 603
952 505
935 208
616 38
498 763
887 375
985 480
326 448
994 366
186 787
173 843
601 176
382 707
735 197
233 976
957 203
151 884
368 140
991 508
775 71
148 861
166 418
864 862
136 308
13 85
936 120
735 776
102 447
832 322
130 66
190 390
631 600
944 562
706 945
718 82
434 716
182 406
183 971
754 901
370 718
847 96
461 741
297 604
391 254
124 929
589 297
951 454
720 856
183 120
186 204
974 797
82 109
248 125
858 762
345 805
71 807
76 659
718 358
780 893
970 607
129 85
738 723
957 819
10 240
507 293
38 674
275 748
628 134
39 889
48 402
46 637
845 131
403 144
920 102
298 838
669 373
851 526
552 156
747 673
988 653
113 845
220 551
797 465
467 946
263 533
855 223
616 232
717 218
863 559
243 623
6 313
610 962
768 328
40 719
220 837
5 127
227 163
574 444
303 382
752 578
125 704
398 38
195 558
624 652
52 941
109 204
976 166
223 68
796 60
504 762
679 465
815 241
585 640
506 187
696 359
623 111
840 850
719 506
22 798
494 971
353 181
670 846
969 259
418 523
491 195
933 440
257 911
439 419
810 565
923 382
942 462
672 702
833 979
875 89
698 690
577 759
27 722
323 555
126 188
418 749
3 349
266 905
16 208
257 218
849 608
900 868
634 738
209 410
874 53
358 482
141 584
950 230
474 679
662 170
283 795
379 622
471 579
2 673
300 446
618 65
655 708
531 917
368 844
797 659
923 984
94 817
168 999
560 473
393 966
413 27
380 82
437 405
940 268
787 387
440 22
740 161
996 11
108 699
768 340
612 123
262 578
893 683
536 863
265 335
393 386
382 648
740 278
429 553
545 768
585 723
557 448
126 653
680 338
98 178
61 62
290 607
855 660
179 175
342 585
571 881
936 274
113 407
792 790
123 602
877 461
884 543
231 894
559 1
932 181
684 982
225 31
151 499
121 222
540 449
871 17
451 474
298 527
449 818
476 63
956 369
903 282
82 162
840 266
676 912
182 201
270 860
290 166
241 668
771 973
367 436
560 776
462 408
211 664
732 14
988 928
639 584
457 568
150 629
854 537
783 290
51 982
716 538
932 559
93 629
519 121
617 107
832 407
301 520
15 302
241 335
994 775
321 471
86 849
289 871
973 231
186 683
648 127
685 563
716 335
754 427
77 192
902 499
694 557
553 591
971 232
648 213
907 820
660 612
905 451
536 554
759 254
961 35
594 624
902 468
583 940
731 601
757 969
539 266
867 137
596 457
524 606
799 724
972 424
658 148
515 805
221 284
631 849
601 486
491 250
2 259
866 962
829 206
278 188
338 363
46 200
249 60
620 85
89 555
406 382
165 710
480 248
207 127
852 384
981 342
55 187
40 368
320 970
137 794
373 276
52 468
603 955
106 241
839 539
389 763
850 240
689 182
463 263
690 329
12 349
715 998
836 71
996 681
478 832
745 367
836 178
193 976
463 217
897 978
422 983
171 725
153 322
3 956
48 24
826 91
812 90
280 123
279 887
894 298
591 462
168 784
703 768
635 694
30 442
474 32
494 39
816 891
310 978
855 58
87 172
218 45
751 901
113 817
613 100
794 782
800 719
13 686
665 539
151 544
959 217
800 830
303 357
930 433
739 803
691 644
894 881
9 136
835 613
104 505
503 275
368 62
891 842
505 251
947 972
75 185
779 601
19 590
20 657
723 994
260 306
362 310
607 316
365 705
248 602
247 701
236 690
53 996
383 429
832 937
323 590
378 559
343 531
36 105
883 518
830 647
686 39
136 863
581 179
159 109
450 992
329 785
84 813
746 901
750 965
469 950
890 487
132 910
79 299
340 965
513 349
2 730
441 362
59 791
137 609
998 134
68 79
275 751
86 50
6 141
299 149
391 701
547 955
162 135
551 995
976 831
846 519
835 116
194 788
768 43
785 899
401 598
882 137
773 310
372 667
56 220
76 167
646 223
355 872
599 213
433 982
850 257
705 674
544 736
757 738
797 188
274 17
958 63
173 797
924 398
393 357
468 815
85 244
881 80
643 517
346 655
917 370
565 360
496 111
424 476
955 925
688 877
480 385
235 778
236 908
57 690
410 744
681 553
363 110
115 705
799 573
2 203
663 2
222 822
745 747
947 375
420 477
24 990
850 406
689 796
942 62
639 16
362 204
149 874
461 648
2 778
641 706
254 65
864 501
814 999
902 377
690 273
875 791
159 214
396 644
718 323
868 596
116 145
443 355
430 607
567 106
806 998
589 494
133 600
79 444
46 559
485 117
915 618
953 291
510 536
500 534
391 673
294 436
224 592
6 504
232 59
401 18
536 19
276 790
358 958
578 261
657 658
163 776
147 912
403 506
702 226
631 264
482 257
947 761
682 118
649 71
812 107
468 835
190 816
999 522
804 564
531 212
164 427
39 533
886 152
563 167
411 210
877 315
71 132
184 600
415 732
507 762
115 733
7 830
830 578
889 390
502 435
330 224
24 907
480 221
45 628
52 509
451 588
145 701
495 927
103 106
412 845
734 415
839 566
741 996
408 264
616 533
50 965
3 61
343 328
325 333
1 143
296 605
488 997
922 416
983 777
294 427
290 22
93 707
244 337
780 917
837 708
107 939
661 235
975 586
155 781
707 232
954 871
854 649
566 61
594 680
287 564
768 85
836 656
20 209
223 586
150 852
200 439
379 216
894 745
493 176
185 391
792 70
501 677
616 676
643 814
344 770
185 496
702 271
124 728
890 567
484 772
892 7
734 636
815 485
47 847
160 33
677 452
700 939
517 43
596 756
924 35
105 875
189 560
308 264
130 568
1000 728
505 222
765 840
89 415
217 210
234 666
60 296
245 228
674 760
913 80
645 425
57 131
943 212
545 525
325 237
369 665
102 401
1000 773
822 958
383 392
330 260
3 246
25 338
460 903
658 966
349 409
188 793
337 433
870 869
27 669
430 842
788 600
710 70
701 725
409 973
709 58
135 81
586 823
382 466
718 264
497 644
386 423
131 856
211 85
139 37
197 999
471 136
534 430
868 620
375 556
567 82
200 164
538 255
438 354
157 712
152 7
815 980
267 854
413 638
971 762
723 185
737 508
495 484
394 351
859 1
825 913
403 231
496 939
232 115
935 985
371 584
605 911
266 346
646 131
740 122
815 520
70 561
215 696
178 517
769 628
593 264
333 525
344 282
626 464
259 275
702 5
691 695
743 875
464 595
800 29
5 389
182 953
532 588
113 380
187 981
973 718
923 22
226 949
562 571
763 134
744 993
722 788
236 126
620 260
919 141
334 919
374 986
253 733
144 895
587 37
680 833
406 417
865 475
153 967
140 203
477 626
808 165
274 513
546 622
926 853
247 700
116 88
643 117
37 302
240 694
775 624
62 883
514 250
719 183
723 176
910 613
267 438
694 499
46 310
737 205
315 275
528 224
881 826
244 479
81 178
689 435
716 972
205 81
355 572
376 847
86 700
233 920
289 926
795 770
552 516
747 675
34 970
72 361
200 446
256 368
699 964
612 355
974 334
812 349
336 46
232 111
360 164
57 132
214 596
574 675
886 753
724 687
755 458
920 693
406 896
673 451
109 792
17 679
804 285
92 301
829 704
902 916
229 608
142 41
492 214
844 387
811 330
959 978
543 787
752 290
400 471
597 133
4 217
389 513
312 626
921 644
39 961
558 595
338 526
321 740
606 191
737 700
519 796
782 943
525 139
763 384
16 421
239 675
357 532
193 595
50 252
235 184
5 868
528 415
709 97
732 774
89 828
879 593
573 466
991 807
922 218
63 548
154 832
712 810
988 47
167 714
903 214
637 368
965 297
565 800
770 265
862 931
332 922
243 17
334 248
941 304
820 647
466 611
233 884
197 721
519 164
525 787
651 996
109 362
126 473
440 425
645 625
105 451
68 721
199 377
915 184
932 890
706 42
726 138
929 980
837 803
234 776
274 227
147 915
955 824
818 82
389 818
778 349
471 279
357 342
714 725
142 922
990 702
826 711
134 526
636 210
263 942
69 703
530 323
118 877
877 24
678 971
865 688
601 735
43 704
6 738
531 215
571 770
425 896
498 758
251 402
318 446
507 524
8 994
231 540
89 537
257 928
174 884
302 169
382 182
896 930
549 936
919 880
399 124
754 662
619 796
726 528
663 117
364 433
511 162
988 376
779 556
249 919
51 580
59 146
929 418
754 886
909 818
838 216
415 57
54 875
776 761
279 542
448 538
379 814
490 141
988 156
326 543
667 625
444 718
185 270
659 168
498 259
466 805
508 360
136 540
137 696
690 532
214 446
766 251
90 888
936 684
521 514
439 619
779 214
121 890
855 419
680 200
897 263
828 889
902 16
405 536
579 421
392 345
33 89
481 815
208 33
906 174
928 490
52 210
588 316
56 149
934 272
50 807
761 848
613 991
346 802
863 283
575 407
597 427
134 603
484 660
527 460
277 981
574 85
541 180
635 89
17 701
576 617
494 564
562 532
988 493
575 469
804 553
476 554
847 597
369 958
463 860
585 606
269 51
236 426
218 685
501 58
897 956
343 811
469 604
112 247
773 628
316 481
524 702
541 760
268 124
193 82
59 321
336 842
591 944
201 48
699 273
7 310
923 425
616 837
863 491
233 359
69 9
434 694
384 367
700 189
957 586
559 746
46 283
283 935
620 900
568 791
699 511
580 298
29 572
871 789
489 20
470 598
992 466
721 756
495 1
189 950
957 812
675 199
513 224
879 367
521 685
738 701
844 492
617 948
985 952
932 589
722 361
595 909
281 597
108 840
220 606
369 316
901 299
855 561
262 153
690 794
195 392
752 891
976 115
481 843
902 143
291 586
906 322
302 843
408 969
160 864
12 961
696 786
803 982
419 961
138 955
489 901
221 524
954 569
169 775
918 915
902 937
902 500
251 143
804 879
840 773
479 503
493 619
568 443
397 384
570 760
700 575
540 976
902 457
51 5
786 432
933 175
292 313
348 547
22 902
430 427
606 192
795 51
979 334
486 834
658 777
786 338
770 847
681 440
828 185
448 821
16 457
573 235
296 873
504 12
657 336
183 964
934 644
81 518
671 819
12 236
509 918
997 641
547 206
909 971
1 246
368 934
439 796
387 993
797 618
138 313
802 768
840 211
827 447
498 331
979 744
393 717
203 738
795 21
854 583
105 196
552 517
190 335
82 684
266 423
68 879
507 473
107 771
881 756
612 364
115 268
285 250
808 921
21 544
13 720
217 845
215 750
623 221
997 392
468 698
365 206
151 951
762 674
999 659
144 559
255 200
915 490
19 289
627 564
25 520
665 791
317 28
193 22
981 117
854 237
412 304
415 627
680 512
902 695
505 149
801 576
680 687
130 656
22 930
593 934
23 479
151 10
482 191
100 754
31 560
303 959
561 993
258 204
645 480
631 795
942 354
670 845
505 503
144 235
164 230
921 421
369 672
136 543
814 232
639 141
197 122
652 195
218 903
597 761
491 994
614 340
427 634
343 678
254 71
590 669
827 253
791 414
866 814
787 454
654 658
976 608
629 810
498 284
202 368
85 844
121 515
418 61
789 26
888 219
817 225
746 153
241 471
497 941
81 46
945 645
826 128
542 220
751 78
73 851
891 347
105 450
343 641
612 407
226 566
722 595
818 323
32 355
159 842
402 45
165 375
431 458
804 848
557 145
346 766
934 471
721 410
528 122
198 466
213 432
916 565
482 97
822 224
719 636
899 794
425 903
706 304
781 290
970 365
554 876
882 593
934 496
353 357
464 826
636 544
857 821
594 704
61 285
836 645
339 935
212 159
32 525
733 267
292 87
957 935
331 571
995 528
196 651
589 844
553 206
93 29
918 86
520 897
225 141
889 230
529 853
503 910
396 324
736 383
40 294
921 163
426 771
135 169
27 544
211 447
269 335
897 858
755 698
71 1000
77 363
328 401
462 415
944 426
855 348
585 424
949 919
189 770
278 573
234 752
56 969
698 120
681 878
354 818
215 963
551 933
241 332
744 357
443 603
711 675
33 88
87 133
143 151
103 456
60 887
665 659
617 138
564 391
195 316
894 638
682 822
403 427
674 324
632 585
752 574
56 5
185 359
868 236
192 581
392 7
636 128
838 972
428 380
21 826
523 648
105 873
136 411
414 825
929 578
344 233
523 873
862 224
75 158
260 804
672 428
1 700
273 183
516 245
829 90
248 425
198 107
822 9
327 427
858 739
329 121
115 552
904 589
395 834
951 329
809 432
797 867
943 933
37 240
149 928
645 875
353 845
942 296
490 238
897 934
409 892
449 831
777 681
544 914
228 909
29 684
195 220
261 489
337 115
566 108
950 463
272 738
681 66
209 185
279 993
945 717
200 388
388 883
940 320
507 707
454 475
517 986
77 851
890 742
686 791
484 939
693 57
787 444
919 715
21 636
891 240
346 775
865 797
151 914
722 682
797 156
468 790
86 205
269 483
471 925
754 283
482 438
658 469
881 228
22 532
118 205
397 16
145 63
643 456
917 809
645 378
26 458
545 958
914 549
786 448
861 924
246 208
853 360
395 896
362 309
469 639
963 301
19 704
101 872
141 237
970 903
112 355
296 874
661 429
300 900
728 877
254 473
182 362
383 319
594 938
427 529
944 645
546 713
818 162
879 575
628 381
228 402
168 435
602 848
319 404
141 544
969 167
897 898
894 946
646 519
685 35
408 241
337 189
395 477
548 237
372 337
820 685
567 432
751 343
55 348
202 816
591 318
315 755
102 729
566 72
381 270
897 221
665 297
299 39
946 982
104 909
507 472
826 348
389 347
269 518
532 46
418 474
310 596
739 610
167 245
596 985
43 939
996 19
190 174
998 705
626 16
330 597
111 424
34 513
61 707
907 915
412 19
160 252
713 960
860 657
833 283
293 577
783 189
17 310
623 434
791 646
449 131
692 249
144 959
199 987
471 790
458 211
611 491
494 749
675 491
374 71
584 849
363 477
662 512
574 928
134 989
601 434
430 452
330 750
169 318
216 319
966 37
991 215
418 519
1 533
808 131
35 274
515 28
903 413
596 81
889 201
706 913
232 836
374 515
918 58
850 292
957 512
410 556
920 593
709 111
509 153
516 513
206 235
478 652
686 177
102 8
486 171
862 534
647 190
262 216
64 639
746 119
943 691
984 896
626 737
594 67
480 751
524 282
945 811
219 10
57 347
954 971
537 161
869 220
888 827
693 302
15 726
417 99
57 452
829 830
910 17
816 130
854 723
871 659
45 304
117 877
632 447
467 440
17 615
346 989
590 376
976 60
771 599
161 320
990 557
661 531
647 544
562 780
433 832
740 387
8 92
230 881
761 517
469 356
86 626
843 27
350 57
977 721
127 297
628 834
459 739
23 482
889 282
250 228
892 667
783 548
805 60
152 577
227 748
709 656
247 753
456 714
222 785
560 704
406 200
154 17
852 104
709 289
758 478
533 531
518 412
595 454
46 402
715 609
609 230
737 41
59 5
245 754
428 40
672 956
488 601
822 354
664 636
702 916
24 731
206 199
428 69
214 722
551 408
409 784
842 582
826 67
573 726
722 240
90 838
446 192
427 37
979 528
636 624
105 322
9 325
133 447
582 814
570 174
225 349
369 648
268 197
716 331
995 260
748 439
270 190
38 170
829 661
616 94
446 351
764 462
982 125
881 110
476 774
542 126
541 667
329 572
630 466
886 840
192 868
100 597
986 914
216 576
409 485
905 424
544 120
31 634
913 85
499 618
316 12
796 774
981 270
17 169
202 103
921 499
571 639
883 641
336 844
785 317
219 537
704 139
407 762
193 650
73 460
344 617
775 815
443 206
651 485
923 600
193 827
712 789
291 162
36 343
595 192
82 21
907 204
945 913
50 631
456 162
440 551
704 472
997 845
154 553
727 436
323 914
589 435
410 718
159 457
16 585
290 424
827 371
77 112
389 757
409 526
284 654
674 2
622 436
737 620
552 954
590 150
314 405
246 984
321 439
46 836
806 414
673 479
657 718
803 984
570 821
437 378
407 406
658 841
14 209
162 742
665 904
618 1000
868 493
894 885
712 766
265 651
160 447
362 955
421 8
833 88
874 868
691 422
235 802
198 170
456 981
537 844
277 713
973 860
465 793
463 818
502 220
892 781
18 855
738 590
61 211
781 250
85 68
876 184
415 332
313 994
723 855
11 627
767 422
969 507
387 692
981 948
282 386
874 312
628 719
135 867
257 75
283 532
512 986
965 16
841 2
608 883
241 894
168 436
150 356
978 413
302 410
449 873
193 775
512 585
711 202
745 335
628 33
174 473
324 78
861 353
707 903
689 432
105 57
42 554
724 670
159 429
842 737
114 136
902 79
760 874
122 655
842 880
167 103
784 441
199 406
477 811
932 833
688 294
262 712
925 8
251 79
858 93
199 295
790 910
593 472
631 288
872 145
191 323
963 762
238 566
330 677
739 835
812 525
761 616
522 694
264 154
169 3
506 196
144 975
10 1000
537 985
610 161
994 192
338 412
525 136
800 393
605 506
951 658
848 645
387 259
351 594
541 702
31 848
892 854
234 508
559 884
60 129
88 425
933 62
585 515
664 754
679 993
188 988
945 255
304 193
175 710
884 556
586 251
366 515
917 369
520 709
945 72
249 587
824 871
732 176
290 159
970 749
440 624
811 547
189 907
651 186
301 893
528 207
439 915
867 972
465 124
31 293
585 969
779 175
432 978
323 677
823 702
147 329
111 120
314 474
753 451
630 779
811 239
631 486
636 408
630 698
683 728
375 85
322 67
655 135
274 222
133 169
172 705
284 11
468 728
60 546
226 790
632 781
191 500
817 909
801 256
434 363
685 719
681 484
904 23
759 17
464 542
891 921
286 951
821 468
70 798
473 864
79 740
722 917
526 93
93 456
994 117
745 697
287 440
683 479
136 686
410 21
144 201
516 305
207 95
984 289
490 470
110 855
136 908
211 464
782 519
275 879
165 527
560 559
771 555
90 690
537 497
836 586
764 694
121 653
366 910
628 37
198 367
298 598
225 478
558 264
450 445
965 266
894 416
537 19
742 244
764 916
316 627
536 341
383 778
441 23
940 207
814 592
698 489
333 434
851 717
301 660
285 15
161 1
612 294
225 922
892 22
472 985
566 443
39 819
38 856
185 500
326 604
541 111
543 545
87 485
638 325
990 526
207 736
78 664
1000 318
877 104
950 988
378 225
995 191
623 501
279 308
921 807
795 778
816 320
239 506
818 745
50 383
911 848
311 612
458 232
645 260
991 811
800 211
175 213
752 252
753 789
355 497
818 971
476 331
633 824
361 541
214 930
110 883
148 532
165 594
966 268
537 348
365 907
645 873
723 9
318 815
390 328
743 122
581 107
803 161
572 866
244 403
746 16
533 889
479 859
29 682
765 224
582 478
876 831
656 747
662 433
404 417
617 74
64 838
937 691
954 883
295 9
595 639
299 74
926 245
512 89
935 121
259 1000
9 241
318 69
527 275
490 626
147 95
540 670
706 178
997 401
932 759
252 328
277 901
332 496
144 710
644 243
928 653
104 510
714 635
880 335
222 402
431 156
321 867
964 915
713 477
19 484
26 456
895 798
279 159
282 225
635 309
50 69
783 543
74 79
554 949
343 37
424 146
891 540
396 40
35 376
474 824
697 843
457 46
116 373
676 247
990 467
816 498
254 46
736 313
542 555
279 579
393 528
368 386
823 6
10 363
654 804
509 981
673 554
216 939
802 142
502 547
978 548
362 568
716 607
457 421
719 612
355 689
800 514
198 809
988 651
646 111
450 54
380 187
57 136
424 901
846 904
133 35
775 500
134 260
1000 88
138 971
694 716
881 459
366 365
441 953
316 514
890 619
851 995
270 119
825 252
170 459
213 608
118 269
725 283
639 741
165 244
186 665
96 959
595 341
484 574
123 342
342 948
420 774
632 976
505 154
292 344
353 350
669 582
415 658
161 855
608 413
936 459
723 901
10 888
246 626
412 576
948 562
1 619
574 428
376 391
16 40
969 406
453 13
991 525
887 940
799 350
323 529
784 45
378 588
509 294
861 49
700 241
617 565
762 438
102 191
747 182
718 469
286 436
774 539
956 474
491 374
64 706
819 594
953 580
680 268
920 315
724 989
319 283
460 180
419 497
183 376
851 466
45 375
176 234
106 359
91 473
292 720
24 14
65 678
391 668
530 872
916 13
485 583
3 940
647 495
673 784
716 722
418 397
114 60
480 958
670 167
621 715
103 884
54 408
795 658
816 388
685 602
834 948
765 748
159 823
715 317
937 421
574 978
90 343
864 507
99 31
946 572
83 627
770 609
971 32
973 149
792 749
340 571
247 941
838 272
353 261
758 475
362 504
549 84
507 753
515 860
115 672
830 583
266 738
943 172
50 13
359 21
999 676
309 768
364 429
183 875
245 478
362 154
823 315
760 265
870 882
407 720
546 668
709 432
583 411
269 719
419 62
900 951
513 510
514 81
897 863
115 796
745 373
430 525
567 212
382 266
963 398
150 412
279 760
272 618
77 249
224 787
760 965
409 647
673 978
376 974
380 942
493 393
384 963
681 851
186 339
24 106
78 221
17 807
682 531
593 244
591 609
815 797
911 366
492 598
453 1000
630 788
960 768
263 603
621 687
721 217
354 386
431 216
432 684
100 881
891 70
469 36
480 759
476 768
762 729
782 138
655 440
164 613
563 178
740 304
812 869
942 588
230 994
400 275
58 851
459 816
339 870
373 937
276 46
203 311
442 613
375 981
527 912
552 587
839 866
639 386
192 179
752 916
781 37
396 5
14 620
254 337
588 561
224 260
831 931
978 661
59 717
379 992
433 8
730 673
71 538
129 311
903 487
372 43
175 492
894 144
548 498
805 897
129 416
130 224
884 910
116 48
872 846
524 111
582 317
59 912
791 451
764 731
381 5
715 877
357 976
483 717
779 8
231 519
310 178
160 535
323 37
377 852
497 874
542 136
671 300
488 115
252 244
366 116
811 153
593 97
123 792
363 687
509 699
844 182
366 342
612 426
761 880
208 912
617 500
839 365
492 344
262 354
521 254
453 88
673 427
692 113
855 903
147 828
976 292
958 404
709 786
748 824
970 462
807 753
278 385
354 123
173 725
790 556
794 810
204 537
725 201
931 582
136 550
383 214
880 46
933 60
187 694
145 725
268 397
518 543
35 490
753 641
610 10
611 831
557 341
101 661
926 862
783 655
737 885
663 101
44 507
210 783
553 620
712 597
982 805
452 848
568 985
883 524
224 159
704 233
137 824
744 59
139 358
658 694
659 143
704 280
944 279
619 407
694 359
896 426
897 903
92 13
419 327
521 787
258 731
29 540
384 639
529 572
306 751
73 712
606 546
59 813
99 840
150 580
599 687
345 712
475 507
395 160
333 23
246 792
638 994
241 440
719 615
996 312
834 655
742 780
545 320
48 280
379 278
342 414
91 154
114 25
828 829
446 168
871 761
696 835
402 946
534 907
525 507
924 979
428 738
460 830
678 710
899 759
510 930
494 295
31 118
517 230
63 310
856 568
985 340
490 794
561 870
476 857
520 335
630 638
597 367
925 296
805 338
226 995
152 962
118 189
601 149
484 575
876 558
454 147
313 689
43 616
249 307
356 753
643 297
847 521
409 419
174 861
191 769
643 182
771 397
188 9
170 524
779 950
11 512
486 866
19 737
495 528
781 109
479 633
673 616
680 64
990 317
224 204
576 375
306 478
977 916
509 293
934 676
614 328
906 529
638 322
417 548
658 666
788 541
576 319
116 104
614 219
337 269
547 238
380 677
695 909
2 777
258 703
480 371
119 718
873 508
716 926
418 57
799 888
388 641
529 82
621 791
512 373
310 890
186 444
205 112
426 367
617 112
465 131
12 720
72 315
716 636
544 949
447 132
177 608
513 974
878 216
915 846
647 773
904 477
977 249
819 807
319 990
380 216
977 778
741 241
635 850
748 723
485 563
843 673
555 117
350 883
367 563
351 478
388 84
9 921
891 189
97 688
740 398
963 617
412 481
992 764
368 493
791 679
557 833
174 671
250 1
213 251
939 513
361 773
765 815
804 641
640 930
148 941
455 739
911 540
678 313
22 829
248 256
19 765
719 340
611 887
297 483
409 217
261 931
440 833
528 1
908 20
927 264
53 713
705 215
992 237
420 334
684 755
615 5
119 459
876 567
953 758
71 855
96 394
666 149
531 831
816 266
581 6
636 585
819 945
328 643
905 544
530 939
927 191
659 693
148 182
8 961
595 775
169 303
279 872
103 548
207 808
110 256
292 757
521 517
168 827
996 353
281 636
62 546
786 739
829 863
721 62
958 957
464 33
1000 243
216 642
499 535
366 456
811 205
299 497
337 838
968 158
825 89
309 831
9 36
341 135
492 373
294 7
27 408
355 55
542 361
341 104
252 661
894 860
551 485
98 996
277 465
702 19
226 824
833 192
835 398
854 190
982 483
321 562
334 738
606 463
682 487
829 372
8 202
890 130
67 843
903 1
696 183
456 956
933 182
312 576
317 177
631 477
781 322
342 620
421 371
761 256
156 736
286 691
987 692
508 999
919 870
258 176
650 771
808 94
610 470
149 714
596 37
858 972
106 873
657 367
793 863
408 507
407 759
175 523
712 600
202 727
280 821
931 118
843 446
74 967
873 299
488 967
88 525
456 165
708 499
690 674
675 202
49 731
849 323
775 95
834 569
485 183
12 521
785 783
440 800
112 997
24 71
189 659
814 626
428 473
966 857
471 341
699 958
722 501
46 843
843 523
436 99
848 419
200 614
184 107
989 954
919 711
939 141
416 78
445 205
891 101
300 209
910 425
161 766
848 177
223 104
565 285
838 571
557 905
653 714
156 806
985 138
952 829
682 362
447 681
796 246
834 417
448 108
624 981
127 746
625 364
454 86
917 934
446 954
197 496
507 696
843 258
537 627
114 653
443 912
122 871
102 439
315 500
687 354
323 567
361 648
235 355
384 465
304 216
72 836
73 493
898 198
707 618
987 490
628 488
650 758
723 404
769 204
698 218
291 256
858 627
314 227
75 58
599 686
8 187
487 956
96 279
461 33
104 866
747 520
216 997
56 901
498 703
595 940
281 564
52 369
803 667
966 837
739 537
25 575
321 400
301 730
90 95
660 999
739 614
579 241
800 738
564 379
635 505
237 109
699 696
799 784
281 967
484 730
749 210
398 46
381 846
223 63
958 38
762 687
155 311
139 906
446 282
179 445
343 110
866 321
939 407
498 637
381 151
446 741
632 166
342 970
435 84
184 468
402 375
4 199
544 52
178 206
331 308
424 82
300 701
304 696
891 732
736 667
460 668
679 559
247 745
305 802
692 906
239 883
179 889
416 741
81 699
373 179
526 273
175 493
788 824
348 736
560 695
633 103
373 292
504 45
527 745
608 675
609 222
130 378
832 827
162 766
534 14
480 389
444 51
46 340
429 308
91 317
291 431
438 2
920 317
722 121
773 562
343 387
285 103
186 458
906 74
318 711
428 131
855 292
21 370
186 445
566 950
775 167
245 862
673 933
837 634
72 316
592 691
186 300
252 27
593 222
971 521
521 458
897 554
498 221
262 792
857 418
506 688
626 161
829 540
972 828
405 736
355 909
485 562
454 579
772 364
226 674
118 508
389 828
925 410
855 985
803 866
539 536
677 822
181 555
790 651
293 417
597 243
911 889
454 271
739 94
79 737
878 631
438 640
330 9
866 71
350 460
903 846
11 456
508 988
737 722
259 156
89 727
992 896
645 592
18 299
499 886
110 858
165 699
944 754
945 143
88 392
192 287
914 642
278 869
893 674
508 384
326 529
701 571
854 823
176 938
582 358
382 264
172 62
980 613
341 721
400 812
401 868
572 703
404 25
8 962
410 63
524 314
486 437
988 815
312 440
522 215
869 252
671 330
788 118
224 627
650 115
411 557
566 167
659 259
789 652
795 707
427 199
191 166
964 486
17 583
904 329
136 211
393 196
468 648
476 915
419 952
294 4
946 606
32 499
605 970
354 226
835 625
431 90
749 43
677 350
970 424
588 111
184 285
972 270
666 993
353 442
504 139
501 226
50 378
315 456
658 125
491 468
406 287
409 489
852 827
106 549
53 758
518 262
796 770
320 75
818 966
156 737
705 781
382 793
785 155
888 638
939 778
651 993
121 17
53 904
331 730
871 242
732 934
418 698
996 883
262 491
210 952
270 998
774 598
672 988
475 341
187 217
850 123
564 957
772 117
177 483
381 3
54 107
550 812
438 458
423 354
237 685
194 614
196 168
254 866
189 5
758 556
940 31
152 445
7 769
817 445
105 355
627 482
384 848
63 62
356 52
764 153
46 840
547 741
73 878
825 357
795 687
6 330
946 349
397 583
273 697
553 373
7 692
602 78
269 397
915 103
701 394
490 951
659 106
437 536
783 213
473 812
995 915
264 369
655 271
127 284
365 407
169 436
984 79
382 938
454 87
793 623
995 881
120 661
244 637
740 602
629 284
26 233
448 779
946 6
340 265
931 678
914 552
398 681
166 645
581 298
712 599
106 842
913 736
788 916
152 696
495 988
978 262
279 495
84 645
845 630
774 562
336 586
45 110
391 6
653 367
680 275
864 80
153 437
245 784
55 298
828 618
996 452
914 324
945 770
954 48
707 792
29 828
661 183
220 649
133 782
82 678
46 772
401 590
627 510
699 989
43 17
462 613
636 368
102 572
858 182
659 315
697 236
136 402
953 90
94 636
707 455
891 290
928 296
125 614
74 968
769 568
886 635
833 365
687 638
636 86
263 818
748 632
521 24
260 52
243 660
236 187
431 255
352 984
313 582
743 644
925 727
88 962
273 80
922 591
344 27
930 830
917 840
256 977
615 607
959 697
302 148
183 659
46 50
761 319
230 650
670 951
674 457
614 620
391 311
909 182
252 437
767 70
127 999
454 349
895 59
207 63
83 5
14 981
644 564
760 351
943 600
662 48
685 241
372 156
764 686
34 293
834 422
257 66
719 950
870 6
724 177
451 148
73 746
435 975
968 552
993 969
6 214
963 805
15 684
290 125
349 926
917 267
923 979
534 779
253 354
769 457
437 107
590 163
314 735
688 231
7 841
601 650
740 52
989 735
591 575
333 283
383 740
489 549
915 193
347 387
647 654
191 274
252 284
395 280
812 582
39 350
632 674
482 281
713 999
844 79
938 4
479 420
687 643
108 338
398 186
277 811
977 699
710 435
134 563
929 696
783 269
142 117
420 805
517 465
481 305
759 130
139 663
620 324
863 224
964 742
705 194
598 375
527 953
531 442
265 818
503 870
344 789
124 590
616 705
618 261
728 955
912 194
586 57
179 965
257 787
975 105
151 379
282 454
746 803
230 400
782 523
830 203
951 400
537 324
934 710
594 879
426 781
84 701
33 933
234 110
785 630
491 597
239 275
684 380
698 822
953 613
182 113
609 475
718 167
556 326
903 51
251 606
486 475
842 579
241 612
684 261
613 260
925 680
335 514
211 528
565 673
16 610
370 211
264 572
814 596
581 695
397 832
769 469
366 95
259 867
298 775
671 474
364 516
171 926
893 455
643 790
492 480
419 810
28 240
857 302
591 817
481 514
742 647
783 320
713 899
829 257
99 60
246 445
91 640
320 166
27 85
929 580
895 913
348 628
38 280
231 265
855 691
804 679
965 743
221 275
279 119
339 984
52 563
572 314
684 796
499 542
465 978
176 523
412 907
400 67
364 396
353 101
541 866
412 826
71 535
559 258
305 75
16 130
129 421
63 532
504 469
175 762
866 543
903 134
471 128
552 754
188 286
20 808
348 333
777 723
978 212
64 956
215 159
167 792
814 513
29 855
428 751
397 787
327 598
698 38
205 54
243 383
81 104
300 270
565 822
706 731
182 152
704 874
893 378
968 911
789 687
336 201
928 269
683 440
954 593
276 581
345 222
199 634
256 569
431 392
344 482
663 43
1 930
203 25
461 591
1000 685
71 38
509 611
777 299
501 197
672 95
140 413
86 417
607 1
790 547
903 768
834 447
799 691
146 290
94 460
933 57
773 704
852 207
246 638
999 808
366 505
658 768
735 882
349 211
353 16
615 792
377 154
175 459
396 36
913 854
254 368
737 906
404 559
480 157
387 699
245 403
338 215
33 771
106 843
433 41
732 907
625 733
828 406
599 862
759 834
48 223
232 524
407 505
215 349
110 621
690 470
331 948
957 984
712 901
953 413
510 82
920 338
333 131
862 263
674 321
417 232
806 834
921 247
635 764
910 988
125 146
676 518
557 261
542 235
377 845
507 478
750 270
640 280
882 190
738 954
480 918
598 781
578 310
704 997
356 184
855 838
214 74
894 952
734 941
700 773
60 676
155 664
639 784
986 130
570 581
810 84
260 53
963 654
593 765
834 225
839 112
17 441
329 511
458 287
122 46
625 189
330 19
723 536
995 799
942 762
156 699
504 502
490 733
715 396
801 352
520 142
260 905
982 634
141 186
73 220
161 641
708 261
265 870
375 374
770 221
183 944
392 828
801 901
788 937
537 367
793 789
791 294
651 467
612 868
205 698
480 391
651 288
871 197
139 20
656 506
395 110
295 393
888 115
29 765
211 646
750 601
920 174
759 789
575 594
237 198
637 505
876 771
256 54
229 439
171 421
9 450
462 676
655 687
826 139
96 420
996 223
764 851
584 473
105 84
18 419
94 718
129 986
424 25
4 216
854 324
506 809
661 428
207 922
831 124
360 681
542 481
468 630
439 940
246 31
166 262
263 785
450 824
569 182
147 776
385 899
248 839
855 755
799 964
104 427
947 881
126 808
959 591
290 768
957 152
902 763
118 156
268 739
477 819
789 123
579 555
234 799
50 295
322 512
736 714
532 755
520 219
596 302
118 958
190 539
801 726
126 405
151 404
210 688
374 327
274 577
974 534
520 825
29 822
761 75
232 791
108 576
608 722
960 386
936 201
387 755
28 743
196 257
982 864
936 856
23 956
7 347
616 992
380 597
72 158
624 475
145 982
976 692
378 795
194 657
157 539
604 420
239 131
498 315
595 155
353 516
980 615
800 336
729 929
551 636
972 535
718 215
940 53
803 375
774 569
283 289
637 14
826 175
495 312
426 209
634 72
394 307
697 186
995 445
81 301
925 90
621 683
342 52
720 132
919 700
628 513
151 534
580 839
686 877
925 459
88 750
251 10
258 271
255 578
915 77
717 873
41 887
367 592
80 370
703 170
317 379
392 14
377 720
621 461
325 656
824 17
327 70
167 409
260 13
706 77
251 360
507 962
815 194
874 778
912 611
86 410
434 155
435 142
628 829
972 415
614 888
912 238
796 237
31 608
838 368
997 229
2 358
274 643
683 613
614 715
540 234
355 500
461 540
467 142
878 896
844 981
378 686
714 4
719 283
308 853
793 691
912 47
54 732
358 70
658 590
295 627
757 388
652 48
121 482
323 890
859 604
457 992
978 66
162 407
401 949
993 67
918 966
99 848
341 755
693 590
72 408
229 482
719 798
907 416
837 687
785 780
851 967
916 82
77 106
849 209
580 71
551 99
72 374
988 700
996 151
981 549
618 673
74 835
698 377
789 686
276 983
708 545
660 957
592 923
646 376
910 317
753 232
762 470
554 491
347 635
222 373
764 488
181 752
184 332
458 343
97 765
846 706
632 842
563 456
929 758
605 861
109 878
679 294
840 554
243 984
95 316
903 771
799 690
16 291
531 388
773 950
980 5
819 385
87 953
715 368
993 374
848 671
160 102
317 948
999 184
122 348
973 633
315 223
121 439
840 622
748 271
222 610
82 209
102 148
512 976
662 42
3 507
25 87
176 997
567 235
788 756
126 54
96 204
888 88
312 710
845 854
276 439
152 253
821 889
711 941
12 601
675 235
517 756
498 466
560 89
305 326
500 516
161 226
362 881
601 192
410 863
105 349
986 510
381 504
976 184
793 406
685 736
156 466
618 645
711 608
587 437
294 352
372 364
820 232
536 299
901 41
924 862
686 933
895 905
380 406
346 738
264 49
433 686
51 331
658 417
921 141
736 961
273 965
860 799
865 675
985 122
87 654
127 429
169 5
763 189
293 236
154 354
265 907
771 497
351 971
46 159
571 588
454 448
884 701
480 203
11 661
552 334
946 40
748 476
552 143
904 984
199 532
634 279
541 809
410 221
50 836
844 862
480 41
633 213
546 740
68 352
763 775
681 719
888 5
874 56
33 520
487 767
568 332
833 993
81 772
139 100
788 383
759 788
478 913
474 460
458 895
24 19
775 160
523 75
500 536
323 225
967 696
968 234
871 316
76 287
367 232
793 449
759 570
228 162
564 516
471 286
788 204
575 132
303 449
285 214
398 495
461 437
372 880
967 879
952 444
85 234
203 83
332 309
960 630
174 560
22 146
9 895
784 563
450 731
477 818
848 938
423 764
292 377
978 904
473 49
50 439
123 599
166 481
597 835
231 197
144 207
474 842
473 693
828 121
352 290
64 406
619 164
198 644
567 924
337 670
509 340
790 165
23 846
5 847
541 781
174 206
378 621
465 295
687 404
658 762
22 381
297 786
873 307
340 912
728 761
205 302
759 843
150 401
372 353
637 299
394 79
771 583
115 1
135 468
583 755
573 832
517 166
854 647
567 358
259 869
372 694
817 741
693 188
531 721
826 287
570 792
46 492
601 902
316 966
125 556
394 46
899 563
169 786
132 162
117 620
759 429
234 996
735 324
191 390
227 117
217 175
878 308
130 526
166 208
338 685
784 543
216 113
253 211
676 404
344 213
412 398
576 768
80 703
804 920
734 49
170 960
463 69
196 576
213 622
257 972
240 644
960 141
562 81
717 917
344 610
879 946
421 546
451 419
215 458
253 883
714 487
220 124
975 508
407 608
370 384
645 996
723 508
500 771
104 620
871 780
931 203
715 864
220 386
628 7
519 432
171 718
262 155
101 129
708 511
584 165
675 206
396 981
716 930
916 236
304 847
133 646
952 858
159 438
592 751
114 159
25 950
320 802
119 466
779 237
284 645
712 216
725 64
642 575
52 817
632 399
839 124
484 972
447 216
750 483
425 506
833 533
172 609
541 280
535 802
682 786
954 607
139 888
550 53
910 258
288 29
86 577
406 621
467 625
215 547
346 702
504 902
367 740
104 484
341 505
308 758
327 186
892 500
382 606
643 304
644 31
436 669
800 245
251 732
644 942
24 815
593 962
631 782
615 645
766 563
748 106
287 382
783 613
821 722
933 392
966 979
904 642
64 431
157 926
559 435
582 112
16 81
110 785
791 284
339 325
768 587
624 405
24 747
41 691
484 477
799 134
14 284
953 562
435 839
723 408
889 896
671 88
358 333
50 530
270 739
931 231
795 2
538 783
142 524
106 269
974 670
312 388
22 827
24 56
686 494
945 656
217 521
399 347
728 582
901 741
370 25
312 226
609 604
518 118
556 957
940 284
725 594
517 806
670 220
488 370
87 314
381 729
702 205
905 45
751 82
88 679
674 882
752 638
312 943
847 833
260 55
282 523
339 598
130 408
458 328
152 967
1000 651
622 774
787 688
334 846
830 883
522 512
852 783
198 137
182 770
164 265
313 805
642 258
27 19
544 167
107 193
754 616
256 483
762 111
47 333
990 151
573 149
867 424
316 418
192 240
766 702
785 365
189 411
771 174
993 2
650 159
116 343
649 718
11 741
103 123
32 728
925 7
447 638
915 234
54 820
664 616
737 118
558 388
764 681
999 274
720 719
59 991
703 542
81 891
382 355
720 957
239 222
684 441
372 445
232 264
177 697
289 967
258 986
63 157
16 648
267 240
609 527
977 99
81 438
797 280
138 183
995 387
461 291
134 331
532 202
542 487
748 712
584 697
124 210
679 58
494 452
886 602
375 451
91 520
700 922
648 805
283 218
551 333
630 462
903 932
301 158
305 34
236 920
837 508
882 759
833 25
389 619
999 908
288 402
312 536
792 866
244 595
870 699
839 884
877 449
71 270
303 245
980 62
283 262
126 490
420 405
760 416
279 306
961 927
515 96
510 20
295 760
847 447
940 755
978 314
634 296
211 473
965 64
359 241
179 631
516 606
352 1
46 261
550 949
385 101
866 630
667 587
380 710
291 335
161 684
360 298
909 667
200 179
742 239
524 310
907 390
211 533
733 1000
987 279
2 520
186 349
289 92
920 938
522 162
783 267
146 718
203 899
755 366
683 509
385 594
501 682
941 957
636 443
673 167
712 411
381 528
293 158
927 156
820 161
39 383
223 226
8 401
302 535
378 377
341 115
847 825
494 595
955 975
354 254
92 230
303 171
217 174
316 806
912 613
913 188
868 490
473 837
221 767
575 716
464 896
77 558
175 210
992 382
914 286
147 629
97 802
313 861
481 451
832 381
527 926
610 96
249 968
308 855
112 368
738 156
838 163
141 337
969 80
110 890
680 29
266 792
103 131
729 624
975 511
546 557
948 901
989 303
238 505
629 888
23 563
447 263
489 21
953 390
100 679
521 842
872 594
689 396
525 542
431 883
558 966
57 298
440 670
992 347
59 884
133 645
384 893
52 408
531 526
90 802
146 528
525 135
87 51
34 957
769 310
6 447
730 997
694 840
631 423
777 876
642 539
340 472
794 997
332 408
227 178
164 673
494 508
479 104
209 636
938 520
86 218
344 485
877 69
772 439
848 853
995 6
908 695
899 437
798 615
372 758
291 655
494 734
314 913
743 749
925 608
912 577
70 857
992 767
511 953
922 742
762 985
377 445
340 55
161 844
92 592
143 596
804 465
897 593
300 613
723 828
571 546
572 217
790 256
629 280
61 348
66 754
589 954
974 588
761 1
357 630
654 610
720 966
511 509
776 556
693 797
92 404
115 813
375 899
811 100
758 961
418 714
908 424
784 230
604 511
732 164
845 963
665 101
25 671
775 920
758 624
233 107
640 407
162 441
290 226
276 433
225 543
561 101
655 759
326 932
842 646
220 278
827 294
231 935
314 351
934 679
141 906
381 261
185 234
663 773
595 947
427 101
530 654
364 568
402 797
924 954
337 880
324 160
194 155
952 307
256 506
755 294
333 708
321 260
52 156
184 12
665 963
66 112
251 52
270 126
826 566
97 686
740 400
722 647
429 679
212 713
751 752
517 104
403 712
639 627
622 977
365 896
259 393
596 422
905 415
265 568
838 303
886 993
786 394
189 143
761 338
62 425
411 371
337 61
79 814
47 332
490 363
328 386
571 590
903 152
3 170
41 867
353 49
463 60
321 531
918 64
701 816
25 279
784 36
912 105
538 223
420 933
561 484
482 761
461 781
172 448
580 453
176 899
96 234
98 952
112 836
884 226
835 562
963 245
746 143
488 147
436 659
789 913
499 245
105 785
779 167
11 305
401 669
849 31
321 899
188 757
134 328
213 321
693 215
215 791
272 961
590 321
441 846
831 121
190 115
307 821
381 764
628 820
521 175
557 665
337 40
194 385
967 254
553 606
3 725
43 684
504 692
377 682
928 22
515 534
56 337
717 932
477 671
89 37
61 960
999 574
13 861
511 992
227 313
450 584
861 938
312 537
995 828
959 729
874 567
94 54
270 585
861 987
24 872
278 173
300 557
72 596
35 424
723 791
406 193
245 423
158 550
710 115
838 68
343 638
144 80
572 112
786 315
831 773
353 974
870 885
395 161
412 833
733 960
842 282
809 467
828 345
650 937
783 995
736 248
662 208
186 137
663 649
461 817
774 130
873 305
447 738
447 83
234 253
146 779
278 600
431 862
486 479
788 285
833 892
996 408
963 209
637 36
159 476
586 584
381 348
281 582
160 625
772 920
720 345
640 796
392 324
625 498
940 485
393 126
160 863
470 124
901 261
242 247
317 263
48 516
947 688
341 129
413 276
755 399
773 20
670 420
450 795
143 300
492 130
131 492
424 354
468 875
438 519
342 900
680 563
164 620
735 215
406 673
173 746
88 958
658 118
697 740
576 915
494 690
433 470
306 92
895 866
94 7
760 539
705 162
245 153
259 19
672 277
729 292
288 558
257 593
349 203
648 286
116 370
378 685
586 502
953 969
970 105
211 7
619 130
735 745
982 784
932 45
921 276
461 755
44 413
581 194
470 643
782 593
510 915
840 339
434 572
509 88
291 413
920 459
900 801
817 69
504 328
324 83
399 419
720 648
119 654
286 19
154 42
500 547
565 641
689 365
410 838
72 377
497 252
579 394
247 264
159 243
640 6
180 455
552 818
972 39
431 694
432 752
588 347
403 465
907 609
344 375
790 874
498 18
293 311
674 991
714 528
53 386
294 948
920 579
299 526
393 453
806 83
368 43
664 624
888 850
47 85
680 267
477 533
421 384
965 707
641 821
202 49
184 540
294 737
709 718
446 956
641 934
186 153
911 594
952 545
718 692
442 499
577 372
988 92
201 72
207 38
64 464
728 887
858 938
359 171
254 455
728 742
505 691
713 118
788 512
770 23
331 987
447 725
658 704
953 560
382 506
149 59
991 836
758 625
817 97
305 341
237 658
550 845
775 40
742 37
335 593
67 495
345 721
239 53
21 482
940 248
797 641
599 789
46 911
68 963
616 817
875 449
739 654
258 871
510 411
47 727
216 721
414 23
34 990
971 611
309 72
220 565
518 116
522 123
686 718
855 237
766 825
570 879
627 370
938 267
702 352
632 540
377 947
503 55
795 575
834 987
29 379
69 830
624 555
399 283
575 464
766 168
247 163
998 985
783 135
473 226
146 72
522 703
100 903
728 360
647 26
485 843
38 469
97 911
460 575
133 495
905 414
675 816
94 76
615 602
471 51
890 55
965 679
662 649
455 645
287 348
400 112
990 149
660 922
122 383
141 263
70 247
643 93
420 450
791 205
62 795
525 97
76 967
679 212
233 292
913 592
883 414
556 456
684 661
131 559
745 385
447 713
656 510
219 870
935 612
578 803
81 889
524 189
764 538
659 670
309 281
613 491
45 367
708 49
690 612
204 349
343 14
815 912
817 367
217 619
328 652
480 989
792 27
172 773
925 193
90 138
199 476
401 557
276 795
436 979
219 339
664 452
518 483
812 708
371 524
337 935
108 681
843 678
238 860
901 375
163 374
189 296
612 192
711 359
470 307
645 117
481 618
782 719
763 124
325 585
881 201
610 905
338 708
469 362
606 357
368 115
298 386
246 116
874 677
930 863
444 47
601 404
490 317
473 521
594 695
666 728
334 586
249 50
303 725
804 366
128 711
630 848
463 19
500 305
396 488
839 916
737 950
120 944
248 229
249 780
140 997
590 597
166 849
867 676
173 107
908 482
14 106
103 74
469 896
131 523
832 652
428 63
266 814
283 836
124 622
529 620
694 294
974 998
991 588
418 750
245 538
104 642
540 642
505 837
966 586
551 632
555 637
371 940
64 964
410 752
642 935
404 406
560 100
617 85
129 905
650 125
155 905
769 345
128 335
939 9
701 716
912 923
795 529
416 202
137 96
545 99
276 541
562 806
781 520
378 135
765 633
490 861
753 81
352 790
494 593
304 905
446 724
655 384
127 401
53 478
365 284
458 142
4 246
133 406
317 89
778 989
658 119
678 114
681 174
645 267
614 892
175 220
299 728
677 186
678 205
771 445
826 944
558 919
117 429
210 513
106 958
433 294
343 831
181 745
257 592
240 808
847 383
282 140
883 345
324 43
952 757
754 769
794 152
193 535
128 594
917 734
535 131
617 612
489 249
876 387
879 556
491 935
954 341
93 999
336 612
119 875
434 573
606 618
935 607
985 23
228 975
67 357
799 60
876 673
751 471
953 388
475 216
239 163
497 512
150 432
922 393
768 831
958 614
595 808
300 372
121 689
677 966
627 123
510 605
497 866
134 247
651 987
300 267
29 963
926 83
271 954
474 50
402 823
185 61
792 83
976 208
775 378
737 327
929 78
696 687
310 583
760 566
431 689
472 958
865 953
238 165
207 862
561 660
32 422
490 622
536 886
459 25
167 296
264 25
85 175
178 963
565 245
143 259
626 453
665 775
425 42
812 946
266 648
468 904
450 751
244 759
370 158
317 125
815 226
504 604
356 709
490 595
877 357
701 215
4 377
209 941
782 904
628 908
59 411
520 151
169 463
345 990
600 101
249 121
175 353
508 770
269 988
17 131
594 799
593 848
102 430
818 119
219 95
826 934
71 609
721 942
791 168
480 146
153 236
266 565
321 755
527 658
419 17
93 90
221 133
205 512
847 113
27 628
49 28
771 853
429 457
68 159
215 344
349 658
573 675
86 606
881 902
510 494
955 367
488 124
760 773
928 721
671 379
124 372
96 588
920 117
65 578
48 272
723 943
713 514
18 440
366 24
811 253
24 217
155 625
621 734
930 261
324 751
137 47
910 370
821 93
159 858
186 996
208 884
725 689
673 478
947 747
621 256
125 721
292 529
683 229
65 142
892 309
674 992
777 505
544 476
599 446
450 755
696 135
435 93
471 811
577 132
597 73
571 866
477 859
317 242
127 143
205 881
266 759
502 417
710 250
13 106
679 693
596 245
452 813
597 742
184 791
83 11
637 944
875 999
897 729
664 764
336 925
723 91
597 638
100 197
413 567
859 619
343 698
852 450
628 420
96 682
375 709
157 562
267 94
231 865
936 927
556 344
974 251
760 67
577 915
727 385
270 706
571 125
898 455
721 808
600 731
413 202
492 837
864 848
725 785
375 920
75 667
26 310
324 330
778 625
367 244
812 423
542 200
15 328
454 664
381 408
958 792
651 880
484 903
855 240
656 970
808 865
698 317
345 581
539 755
830 470
65 840
13 744
582 238
661 536
95 956
407 464
707 310
731 684
15 159
492 152
485 797
18 96
654 109
948 330
148 966
888 907
67 709
959 586
925 550
783 440
867 788
807 518
279 105
545 627
416 949
95 385
278 163
615 718
411 462
249 589
253 521
451 164
610 458
225 40
886 295
68 418
875 50
107 460
733 432
396 702
827 823
425 591
373 257
305 33
833 190
78 877
519 682
654 895
268 294
659 991
767 838
770 476
628 440
955 88
478 855
67 648
795 203
777 697
978 234
104 643
107 520
608 19
828 694
977 418
958 765
380 935
806 655
315 564
869 229
559 793
357 465
198 991
380 22
570 194
534 617
480 996
825 499
901 331
794 829
781 805
17 568
534 843
574 868
96 675
481 939
668 505
134 453
722 7
215 682
697 415
436 181
365 249
147 954
864 696
919 552
132 174
735 320
28 126
138 746
269 324
264 600
540 961
853 6
411 31
140 503
913 177
400 268
459 811
999 941
66 971
486 704
123 646
739 496
634 6
231 614
874 553
412 530
839 853
108 225
946 29
585 939
32 549
783 690
455 989
611 923
885 88
338 237
362 231
470 863
163 490
914 590
2 52
314 770
22 51
975 75
172 356
110 744
79 183
936 968
149 37
944 499
998 58
232 421
818 404
486 366
90 527
396 578
254 794
348 331
777 725
704 467
263 242
972 560
55 332
77 50
318 303
475 716
389 296
780 943
79 818
648 132
885 702
155 999
194 771
253 576
655 946
158 254
16 723
96 609
673 811
600 945
194 37
982 202
877 800
324 928
471 691
593 489
351 393
942 804
377 223
142 940
768 491
80 814
48 945
341 20
62 658
640 725
18 25
368 478
649 137
243 814
652 728
533 298
875 109
368 45
153 695
152 798
819 230
515 737
787 900
311 578
46 24
830 810
597 37
693 931
443 994
383 124
222 186
683 580
300 608
546 904
641 932
217 474
576 159
244 773
795 447
282 102
140 72
59 376
685 484
80 957
581 275
999 4
909 796
770 98
272 138
923 384
301 108
325 358
932 466
756 190
405 749
940 837
944 256
547 253
660 452
96 193
611 738
280 904
353 726
944 415
215 200
932 688
292 599
407 931
305 420
161 345
72 441
754 522
399 310
405 897
51 869
712 648
665 309
372 16
52 83
70 342
538 604
871 752
731 421
40 635
43 448
117 782
225 984
104 151
468 600
103 987
863 314
471 599
664 281
792 334
740 12
156 205
960 572
200 747
604 755
221 913
937 448
406 525
203 447
360 991
344 452
108 357
454 889
593 759
520 724
598 128
199 975
535 657
41 53
79 533
378 926
711 48
514 620
36 760
293 151
424 90
117 569
142 452
124 544
574 459
784 889
519 931
499 732
637 990
49 349
302 121
931 843
988 360
867 573
923 511
463 430
249 886
81 605
742 266
814 903
242 493
504 420
840 286
34 461
931 937
664 620
666 134
873 346
600 446
68 252
162 361
823 124
382 276
55 406
901 150
686 300
413 856
708 722
159 340
885 426
550 879
771 622
629 942
229 16
50 645
125 223
586 595
3 777
423 432
523 78
101 86
673 957
357 444
765 47
968 239
349 776
225 794
851 570
192 884
90 136
74 821
664 87
792 653
479 894
915 533
63 127
138 770
759 343
196 174
657 643
948 299
414 638
990 537
566 878
134 617
393 289
454 970
441 557
274 358
843 902
717 929
701 316
887 465
781 452
585 707
912 637
54 249
86 624
202 149
57 622
939 632
43 591
388 923
193 382
411 163
108 111
880 16
771 323
191 812
395 631
32 939
468 80
762 143
799 518
526 330
235 967
223 569
404 638
521 889
524 799
177 140
567 923
783 718
391 161
174 211
468 500
614 365
706 888
766 440
253 219
89 874
341 558
970 677
349 680
982 532
409 883
798 503
374 773
894 92
401 963
11 112
140 596
937 930
699 207
457 552
358 537
686 443
836 108
759 612
261 265
635 698
105 143
452 484
789 803
139 919
371 716
9 348
63 2
194 175
926 132
674 101
713 729
860 408
947 687
506 732
677 659
237 156
790 978
868 2
467 747
860 702
113 103
852 766
816 572
856 761
998 788
433 664
913 406
164 536
875 132
605 883
201 533
980 135
596 618
578 141
429 135
671 408
805 482
981 161
433 459
841 470
783 415
566 773
148 842
726 290
248 438
209 976
174 930
47 400
537 926
506 705
580 836
581 429
505 442
914 572
364 395
292 120
577 286
879 926
300 931
441 581
452 870
469 832
625 554
311 61
666 476
426 857
957 747
840 455
415 3
789 274
2 932
75 678
182 415
658 395
441 493
61 503
375 652
68 52
675 100
107 614
607 797
847 411
615 262
637 458
631 350
267 246
642 790
423 491
65 715
982 865
555 488
792 38
43 156
375 835
431 605
440 384
729 632
774 37
371 680
434 462
565 928
307 592
788 129
834 350
33 224
271 193
114 461
242 278
288 18
489 887
795 965
977 986
449 1
160 92
569 240
441 613
553 292
520 443
43 518
304 774
875 433
288 367
368 189
444 98
83 674
999 976
88 12
516 222
212 117
199 665
554 952
350 287
409 239
892 838
913 847
199 558
149 757
426 938
671 656
505 711
897 755
201 222
177 723
86 286
542 647
282 313
413 593
220 93
278 805
301 252
112 717
707 994
118 138
194 723
802 786
529 554
768 878
570 310
699 134
480 720
7 191
232 273
160 734
140 540
48 394
93 540
519 32
211 977
343 212
977 122
975 531
834 645
872 336
776 27
474 340
603 448
622 348
442 384
625 956
609 599
408 21
926 220
103 837
307 940
341 791
835 130
378 475
30 672
342 118
327 486
312 965
558 344
61 726
796 367
618 929
414 658
97 674
448 308
967 167
435 46
667 363
544 478
691 353
710 478
307 409
813 991
601 445
771 503
844 743
294 512
577 420
808 112
481 120
500 140
490 486
74 249
75 512
507 712
555 609
297 542
451 465
947 500
455 821
22 504
793 911
206 244
594 394
709 227
713 224
329 195
3 618
614 160
335 664
334 203
224 593
907 401
945 764
106 362
345 562
676 722
492 839
177 525
141 938
627 53
9 340
216 688
87 247
772 635
80 111
433 913
216 607
661 437
440 39
643 932
65 846
52 124
898 952
494 457
80 141
523 283
104 259
584 525
610 533
369 161
104 402
391 215
325 967
252 617
109 816
957 2
501 134
670 969
222 224
938 689
245 129
49 670
514 480
115 521
666 295
874 578
346 991
415 264
221 41
149 700
905 746
391 275
999 254
712 520
127 899
311 216
314 876
723 136
939 967
563 817
746 811
358 93
50 866
605 244
970 851
989 85
629 254
119 896
745 465
158 708
35 27
846 369
689 10
449 813
871 230
784 290
903 43
101 151
983 793
141 748
370 376
833 880
523 28
413 172
953 335
627 96
476 945
850 833
464 140
431 952
107 343
793 423
721 266
561 899
526 687
84 891
972 835
29 30
603 185
30 437
678 693
845 348
683 1
665 526
298 33
887 225
941 969
66 5
207 750
33 180
967 841
109 97
240 272
368 293
935 175
207 756
868 146
542 343
32 12
792 486
425 51
798 524
950 859
424 501
79 607
942 603
544 6
174 705
946 422
819 140
416 649
491 463
735 96
866 622
799 711
819 61
566 794
790 398
477 897
234 187
161 788
607 203
945 69
444 189
49 267
47 256
641 975
291 432
572 161
188 186
795 322
269 663
127 935
662 918
594 952
580 635
712 691
361 299
163 125
491 920
844 423
874 235
489 143
676 933
591 10
519 281
45 146
673 681
84 584
451 199
180 911
842 540
613 479
723 371
785 884
874 814
100 373
281 437
319 213
820 590
33 276
397 779
954 916
99 567
261 364
544 920
690 665
447 113
251 848
894 682
343 160
879 82
717 83
494 52
715 82
744 335
651 813
526 651
232 99
342 504
293 183
545 403
855 186
68 536
34 664
705 725
869 330
817 743
288 19
986 182
91 966
184 228
702 170
265 293
566 597
184 339
807 789
848 842
133 358
687 835
194 372
87 739
91 740
312 759
834 260
818 641
212 400
529 306
804 636
931 276
776 149
796 200
815 92
230 532
531 397
681 215
187 707
169 460
654 325
586 391
994 160
884 284
557 210
32 579
840 405
657 321
453 174
390 657
653 277
362 104
823 229
220 94
993 218
393 540
115 28
430 993
745 21
495 197
875 683
586 938
150 595
195 166
50 671
312 394
475 86
849 165
189 860
650 478
924 657
816 42
245 832
746 295
217 531
915 974
73 983
704 825
848 347
370 19
703 855
546 14
105 326
512 386
968 836
646 61
544 531
176 439
927 556
731 423
73 817
556 242
741 194
892 82
612 113
613 792
686 940
907 897
433 854
146 53
365 191
739 846
702 70
304 965
191 455
238 934
541 333
598 134
762 202
217 233
950 771
740 852
813 845
743 524
999 614
917 863
187 638
761 341
135 758
943 47
714 869
330 106
224 505
737 903
102 510
339 920
601 301
962 161
227 591
286 512
32 623
329 35
684 627
171 832
758 772
780 240
905 862
546 652
236 534
607 545
663 499
277 180
888 413
768 557
657 680
254 118
989 225
811 641
372 229
428 87
410 454
340 635
896 666
860 114
95 885
650 580
280 998
888 123
466 817
932 726
400 591
901 545
975 720
912 90
301 897
978 570
483 239
399 276
186 988
155 816
689 344
727 224
712 135
731 229
776 724
846 214
959 477
262 903
855 28
103 795
859 808
542 273
265 459
262 790
925 78
838 817
694 821
474 152
591 695
740 83
975 788
372 895
925 511
543 560
986 255
865 998
562 830
838 979
51 319
351 80
706 97
709 846
319 566
553 722
91 703
865 704
826 838
288 947
423 724
136 494
766 768
360 588
969 610
182 881
922 680
5 756
801 637
655 334
88 390
970 156
56 346
554 863
374 300
857 774
93 332
321 577
245 152
288 630
74 139
202 452
538 282
871 434
451 964
41 979
317 614
69 5
568 924
168 490
187 70
633 250
743 69
304 154
92 89
43 731
23 549
917 505
401 961
788 683
417 337
941 808
779 24
333 194
413 826
755 937
718 223
965 290
872 651
711 882
107 922
664 151
680 114
779 198
102 659
620 300
287 551
937 834
185 37
601 749
177 953
142 693
814 660
146 712
114 84
350 64
392 216
263 591
821 97
790 976
423 652
262 124
160 195
18 161
476 869
577 338
590 465
299 648
707 279
963 673
342 814
694 563
221 983
402 147
97 745
294 909
42 186
260 245
19 542
411 99
48 871
549 649
861 743
611 448
499 858
321 914
236 11
927 833
593 590
725 57
504 947
925 519
144 772
643 362
481 453
9 638
947 224
515 932
255 31
537 924
684 789
994 157
278 66
357 715
1000 886
572 528
414 241
418 577
36 16
787 696
2 128
376 279
908 92
714 415
880 875
225 186
653 240
12 248
196 365
552 477
1 329
849 525
261 663
943 539
90 667
257 535
617 650
677 911
486 365
841 882
71 957
607 799
410 673
196 146
200 213
111 993
385 357
775 80
229 86
102 812
547 945
513 97
147 287
314 308
872 374
30 424
472 612
15 284
401 600
916 457
669 239
7 904
357 323
338 375
986 405
419 864
847 320
711 517
772 671
649 428
958 166
264 910
964 595
752 585
968 662
808 715
331 86
259 757
904 254
578 461
430 171
139 923
636 187
695 882
331 39
556 532
652 731
908 685
946 504
899 818
645 218
539 331
424 97
140 357
567 654
416 517
90 32
169 307
830 952
724 411
482 794
491 841
647 323
126 706
93 180
351 620
947 365
865 537
707 492
144 83
121 164
28 688
381 538
32 691
163 395
836 994
50 811
76 815
854 794
34 279
785 565
900 393
759 133
233 109
201 399
239 195
851 453
393 765
31 311
343 97
863 894
665 393
585 667
817 326
621 952
289 941
94 840
974 300
1000 167
408 306
994 989
320 692
262 811
670 180
876 305
808 905
332 43
150 924
65 864
526 535
375 71
310 726
95 836
955 815
333 591
806 150
916 690
973 447
639 744
735 133
151 820
728 365
764 379
238 534
645 318
338 620
691 400
948 481
638 136
442 702
595 658
117 496
300 688
815 115
339 810
857 809
415 641
878 977
681 123
423 776
829 147
597 951
212 139
965 819
825 347
41 869
408 608
945 271
689 11
841 206
948 694
625 615
130 53
336 770
692 691
162 642
953 885
310 266
116 461
867 655
941 236
763 878
324 122
236 934
827 13
583 89
520 755
462 96
243 115
674 267
508 341
92 148
276 83
774 310
409 694
419 745
603 256
12 708
733 526
863 995
646 911
972 50
708 220
510 744
649 266
777 861
261 52
643 804
170 126
831 103
445 808
997 331
377 594
902 271
69 908
158 471
507 211
894 989
13 871
521 209
703 185
762 615
742 657
122 774
907 940
910 509
826 724
994 690
575 499
32 81
431 75
863 52
956 762
934 241
905 300
467 415
236 32
933 134
330 941
404 462
450 578
89 258
715 466
627 830
259 120
260 967
173 609
729 210
567 758
201 809
115 687
645 564
369 739
886 392
468 273
71 46
277 501
353 87
176 744
927 367
714 120
689 814
822 706
820 750
805 912
996 362
516 581
79 223
865 465
729 654
835 820
504 306
394 170
516 891
884 93
498 304
81 856
873 452
432 142
453 552
607 843
897 498
54 164
811 795
149 336
602 560
428 489
242 290
802 58
87 36
872 426
393 23
589 115
402 863
989 825
593 112
61 570
479 863
464 26
835 207
712 386
696 775
18 271
787 283
668 501
85 454
464 315
356 377
910 302
14 227
507 255
143 389
703 221
118 471
378 128
89 211
255 730
200 852
75 416
973 583
939 52
104 496
127 412
308 282
511 829
868 498
9 191
601 217
378 98
86 403
161 968
918 386
455 298
284 359
231 259
412 767
490 651
550 445
539 140
338 455
834 448
925 951
585 990
1000 284
260 586
615 750
856 167
162 1000
962 902
753 609
974 635
296 894
831 982
712 30
732 953
917 729
719 173
791 240
577 652
687 451
712 693
603 867
14 923
644 492
884 915
136 805
637 741
931 98
913 531
509 82
20 835
257 23
976 649
166 961
764 744
230 148
860 59
864 62
812 182
262 147
50 761
58 220
636 38
613 302
453 143
673 905
232 327
939 255
162 142
436 849
998 491
9 118
712 192
864 907
411 514
853 963
769 696
99 433
116 671
707 468
670 232
602 162
855 180
161 424
816 588
484 810
982 57
967 815
420 562
706 212
692 70
187 799
807 791
425 45
812 943
887 485
552 407
467 486
48 772
394 784
734 360
562 553
999 636
340 207
469 301
764 645
972 436
344 695
634 183
744 555
808 636
356 849
904 138
133 19
369 730
5 604
305 818
967 256
18 729
827 917
184 657
663 11
832 13
80 802
45 816
452 822
914 856
300 898
746 734
287 132
111 576
573 363
847 124
427 513
16 216
435 938
789 307
370 589
477 423
885 346
637 649
153 386
585 391
513 162
676 810
327 782
453 607
58 1
81 160
742 223
239 159
345 674
728 381
836 423
86 706
693 474
803 310
347 146
440 304
243 962
812 440
776 854
998 407
163 548
115 287
264 845
137 449
102 555
719 38
682 879
773 180
976 64
655 307
692 260
414 121
821 88
939 229
592 15
61 836
668 172
687 752
924 198
446 262
435 51
223 651
221 542
947 119
377 256
428 900
765 941
398 852
99 207
942 657
714 784
717 667
45 626
891 815
378 781
715 390
753 719
404 759
832 250
909 467
676 315
680 958
643 50
704 36
559 494
504 202
880 805
93 289
738 351
244 148
980 256
712 638
840 435
503 949
396 337
679 918
496 941
872 868
154 815
192 406
836 967
895 356
510 194
347 154
447 897
380 698
343 294
716 828
36 414
955 475
722 109
575 268
154 961
659 676
629 938
618 445
847 57
893 101
175 922
695 211
54 217
292 710
179 919
466 593
68 813
967 691
659 386
50 113
206 442
294 475
665 277
205 244
775 296
466 736
626 834
842 903
490 319
502 649
447 552
330 534
347 412
314 221
156 190
324 996
829 641
473 267
350 260
156 45
473 87
394 303
635 988
397 358
71 83
227 465
190 807
175 81
838 755
655 475
921 709
598 275
584 893
952 897
992 702
294 120
536 704
297 204
580 989
830 760
973 998
661 406
481 40
965 790
35 337
849 773
832 117
151 287
619 159
893 596
303 576
469 680
475 423
431 685
582 935
340 699
288 783
81 957
23 950
184 270
277 71
978 84
745 359
675 76
663 759
243 78
871 880
267 206
68 457
971 882
312 469
834 550
120 370
980 728
529 640
159 453
596 87
974 506
355 614
410 877
465 677
953 189
50 777
684 187
402 27
360 95
241 1
509 610
368 634
324 962
7 567
446 109
503 68
939 192
108 628
345 350
950 653
19 29
699 655
938 205
21 631
718 488
268 964
105 574
610 305
731 286
825 213
75 466
402 126
26 690
557 384
982 397
144 713
327 56
744 786
981 75
485 828
895 565
94 236
381 818
353 438
904 34
62 270
635 472
982 367
394 972
658 113
307 421
476 564
294 877
984 127
602 690
850 772
14 348
17 8
109 930
540 252
847 214
321 39
577 353
562 503
357 713
502 482
286 719
805 849
338 230
176 661
729 463
606 903
632 834
22 52
667 769
211 509
818 175
656 30
430 857
548 4
77 476
849 515
867 710
779 344
858 755
991 873
846 451
650 342
867 932
873 423
15 632
183 438
497 907
831 506
816 1
393 848
4 638
828 952
689 358
428 462
727 170
929 215
73 905
882 145
6 439
389 53
494 170
974 863
355 864
369 109
199 307
971 346
402 979
423 651
706 293
907 614
360 857
511 754
630 620
669 928
268 639
532 572
80 574
460 387
943 310
66 774
142 211
382 756
57 569
743 741
853 37
981 208
703 675
360 646
648 451
156 682
52 619
10 786
330 117
424 242
563 97
446 935
984 458
838 485
676 256
649 899
903 539
641 552
992 836
23 792
562 106
385 621
197 5
56 422
76 986
990 450
224 173
704 231
558 6
779 759
658 680
603 536
766 500
736 167
183 244
645 975
315 292
427 814
585 390
311 88
879 300
310 249
902 285
480 724
297 994
872 694
817 235
499 555
954 964
917 993
573 814
48 267
686 614
382 819
670 954
722 273
347 258
242 84
206 715
502 674
489 565
475 742
834 931
393 191
32 361
360 806
165 387
539 666
207 824
725 699
268 908
826 574
921 974
994 684
226 770
423 604
209 592
888 697
746 409
420 934
795 850
852 929
778 501
652 260
770 620
237 275
536 630
151 167
613 584
1000 515
431 151
696 380
953 70
848 599
64 230
801 711
397 180
331 704
748 71
572 245
439 398
97 211
245 459
463 4
14 273
233 499
583 279
253 976
348 964
222 949
836 945
960 859
107 375
669 369
326 919
628 307
757 465
704 195
922 134
90 686
128 911
736 212
295 557
741 589
254 196
326 689
495 218
742 105
169 992
8 979
10 129
784 472
517 734
475 951
917 212
391 653
341 546
712 138
309 4
919 975
77 40
208 153
320 867
228 84
825 202
983 637
436 953
574 739
846 836
406 849
670 150
449 306
747 769
566 327
894 624
146 370
699 610
705 737
171 205
673 3
171 574
106 304
937 406
129 753
630 549
207 796
501 511
711 348
714 704
803 785
593 325
616 226
904 252
557 734
550 4
421 496
596 450
247 930
216 14
790 486
921 629
981 377
343 784
737 749
248 270
247 704
303 722
417 775
382 889
808 80
662 799
3 142
477 91
775 532
796 977
547 461
144 72
456 330
241 980
996 844
411 918
33 960
748 329
951 484
55 211
866 909
978 46
3 428
131 739
784 552
491 577
673 676
903 150
120 149
314 61
557 15
875 698
708 397
432 128
789 76
920 149
459 930
668 819
480 668
544 769
444 831
965 395
38 543
833 741
858 36
444 942
565 806
971 595
194 535
186 725
456 919
100 435
228 72
564 482
821 509
803 606
536 67
829 962
316 763
977 215
831 52
688 270
392 219
854 383
693 51
548 746
623 182
521 354
102 980
119 151
428 664
51 495
397 679
665 899
707 280
446 332
29 316
89 452
473 178
402 142
701 490
174 602
907 859
201 536
255 341
476 646
373 985
175 116
14 434
887 490
491 451
398 781
511 908
956 783
792 728
444 91
140 380
5 614
889 453
908 889
585 988
213 899
749 721
364 369
754 681
404 680
580 833
121 28
231 227
468 650
511 371
760 453
67 959
638 426
783 809
418 719
573 325
63 651
546 691
999 111
503 764
119 864
289 141
547 199
286 377
10 52
202 552
258 710
847 184
723 390
686 254
925 931
361 73
711 764
516 857
488 836
875 592
436 684
110 447
76 635
556 173
663 907
264 629
427 995
135 306
484 144
967 741
698 42
275 343
848 371
422 730
43 147
501 883
764 831
360 45
556 140
396 806
480 902
878 934
642 676
461 482
360 203
789 548
557 584
299 344
397 715
320 504
891 115
311 698
591 910
133 354
948 153
667 307
227 488
778 487
605 707
677 246
368 178
95 289
151 698
433 490
567 651
821 695
454 64
862 93
420 240
774 995
946 512
1000 966
872 59
19 722
225 805
279 284
853 759
461 574
325 616
709 488
13 289
774 668
97 71
284 578
528 54
214 841
842 346
918 159
701 517
478 646
816 369
543 230
10 630
12 366
966 747
727 711
576 337
171 663
524 145
466 841
897 1
846 476
499 179
180 226
586 569
346 258
57 333
665 398
462 340
814 553
121 854
238 511
4 595
385 503
501 855
199 496
919 795
392 260
1000 57
195 345
648 981
152 644
171 224
890 520
618 539
878 41
242 311
815 568
467 678
104 300
433 842
108 716
471 962
938 21
777 401
283 200
467 535
873 760
736 988
146 64
902 523
726 975
48 802
35 712
640 550
327 144
700 750
442 714
44 906
133 471
869 989
235 523
986 603
771 365
365 622
591 459
4 324
58 526
726 681
69 378
804 739
110 985
719 321
576 241
687 167
558 176
466 120
250 547
69 45
715 631
699 362
130 163
694 419
842 382
337 168
672 785
824 888
197 794
914 946
936 902
538 962
66 796
109 895
159 338
425 125
988 938
38 965
40 922
995 348
160 767
642 987
238 296
964 210
859 44
141 933
381 288
328 692
189 749
685 680
872 433
726 444
46 943
377 998
241 183
833 38
916 941
415 837
324 998
952 71
716 416
739 769
955 844
795 531
498 945
65 242
29 343
307 173
899 593
386 548
240 65
299 561
636 254
673 364
105 866
472 155
91 691
476 675
284 507
169 221
406 658
833 102
715 6
69 572
560 186
517 452
10 961
433 417
827 753
865 422
616 788
351 899
500 463
568 723
250 166
37 176
221 435
196 599
606 30
720 1000
535 119
576 76
580 981
463 392
504 87
831 724
1 146
827 42
103 375
72 25
469 590
440 541
314 58
461 953
776 971
63 965
380 847
845 328
985 944
927 829
768 986
972 666
737 507
42 723
806 514
33 508
161 167
46 291
536 469
778 62
251 824
656 926
622 281
738 34
56 826
94 662
403 444
409 278
137 104
325 755
754 147
845 296
403 301
80 366
670 429
32 1
331 63
18 959
860 986
455 406
57 547
408 927
874 894
146 313
834 163
832 262
687 904
874 641
50 511
641 550
107 242
407 889
865 450
667 116
796 784
156 759
785 1
743 310
50 33
418 605
810 743
671 698
657 344
326 845
476 122
836 906
620 865
783 857
55 54
866 788
888 473
480 71
894 19
408 232
319 498
174 467
766 41
768 664
92 168
561 119
689 442
267 236
305 433
113 616
223 743
622 475
107 890
695 277
916 102
974 468
945 754
416 256
159 584
492 539
294 481
15 393
916 324
720 205
259 987
721 164
924 991
817 649
88 551
547 608
731 463
881 478
717 176
898 970
522 942
118 391
337 556
907 920
359 939
658 286
48 384
631 223
83 989
834 127
32 45
655 127
658 433
808 606
346 645
757 613
298 288
227 410
155 425
53 570
471 799
723 666
636 160
946 327
105 971
783 328
378 144
368 179
705 20
615 553
732 715
422 852
640 733
193 425
72 518
179 874
770 442
382 807
700 408
984 528
540 369
482 905
288 690
36 48
3 201
850 412
260 696
296 557
582 111
486 80
141 363
642 432
475 481
183 976
790 120
262 449
451 392
223 813
799 37
803 76
36 357
615 211
139 116
529 556
185 790
280 62
237 538
702 700
205 124
621 948
693 295
949 845
110 203
972 674
756 377
581 626
17 991
398 364
367 841
388 834
461 308
284 275
105 474
56 242
608 431
664 497
680 723
523 406
835 136
750 117
933 571
68 64
4 769
796 357
299 327
846 406
66 70
602 52
765 584
804 808
215 619
520 383
593 351
479 438
282 542
291 708
271 346
421 73
85 60
736 844
187 516
994 396
102 782
288 385
821 537
628 889
123 759
481 400
779 841
597 962
247 585
213 969
252 801
326 88
255 66
740 990
981 468
163 333
883 730
867 469
899 128
877 615
457 693
931 880
126 324
77 68
370 650
442 271
559 344
652 142
243 211
607 556
921 219
743 92
488 592
948 976
698 943
645 912
483 855
157 522
909 539
609 457
682 560
455 646
873 492
176 12
802 816
909 620
769 57
328 983
625 935
383 947
595 891
300 421
431 829
486 440
937 984
20 100
37 898
498 490
567 765
299 231
797 380
444 900
485 240
57 473
539 941
646 899
523 212
483 275
824 437
509 603
383 453
744 140
433 907
892 115
742 801
207 798
431 486
895 653
881 119
352 771
612 225
706 122
467 562
847 991
80 417
889 107
530 63
623 592
726 280
891 792
2 407
221 257
403 972
957 397
744 614
681 91
519 879
259 141
61 297
156 515
141 209
948 743
805 186
2 185
311 161
993 458
685 404
335 47
488 686
400 996
239 579
663 445
866 811
736 407
178 297
888 446
317 722
432 420
456 42
171 577
889 980
214 737
755 600
251 620
140 595
659 709
118 731
988 911
138 124
840 110
966 978
293 976
755 93
620 889
480 525
484 77
600 814
786 723
306 905
769 295
593 219
186 723
43 198
371 725
617 237
485 357
234 679
881 672
77 859
958 828
650 245
744 232
160 873
416 195
901 452
596 812
15 166
320 623
341 151
694 645
990 764
890 432
178 980
569 221
661 693
406 716
958 489
48 796
268 549
325 532
92 801
769 796
792 548
387 241
868 510
504 585
212 378
51 60
37 113
863 165
648 42
957 32
500 445
961 165
69 416
396 208
459 688
867 271
64 32
83 380
874 529
583 187
643 254
222 849
223 115
410 71
28 952
753 613
314 667
391 365
12 102
948 874
733 492
487 757
373 493
643 611
876 500
639 699
43 748
371 196
470 520
163 240
810 937
570 260
466 867
672 858
124 651
840 172
16 926
36 465
758 592
116 807
686 367
286 25
125 47
570 396
202 776
881 828
137 719
798 244
342 272
405 237
609 723
167 927
134 236
968 814
115 263
133 940
544 525
488 499
470 39
200 519
493 126
169 600
261 8
82 983
375 126
583 565
143 116
591 874
388 141
462 826
143 485
494 395
901 73
317 402
527 3
752 477
56 420
437 617
956 719
539 465
668 251
834 239
765 901
131 323
317 116
305 455
709 914
226 206
44 114
520 937
112 169
277 599
369 734
814 294
717 656
453 118
623 878
599 799
170 936
689 904
282 110
734 168
918 435
562 105
547 391
201 199
440 777
397 143
258 944
616 918
358 31
430 888
814 467
843 163
549 462
72 764
573 472
25 34
337 272
284 825
102 16
395 112
274 434
509 114
571 251
888 101
284 936
286 234
515 464
560 86
246 873
46 917
450 354
234 477
641 139
865 293
252 25
413 31
310 905
21 671
226 588
109 257
13 410
246 698
356 174
180 92
935 156
117 903
943 846
47 940
769 954
739 884
703 273
317 438
602 420
752 731
365 330
997 158
95 97
905 315
815 280
321 940
181 584
771 89
977 729
248 535
411 223
909 372
30 871
490 700
273 210
2 432
645 330
524 525
959 686
247 584
915 162
731 775
348 673
757 779
751 396
154 486
616 581
321 639
766 603
966 9
418 531
532 963
644 773
59 303
595 337
334 743
406 48
942 486
690 71
606 947
10 584
391 181
475 460
191 255
353 808
988 340
875 879
162 270
679 127
93 806
24 723
300 128
854 827
210 987
110 539
236 818
864 11
702 895
263 157
985 809
328 984
43 319
779 67
564 747
513 51
822 39
806 664
459 191
925 475
868 673
546 189
566 56
272 798
831 140
246 996
633 472
46 800
789 888
459 365
228 38
703 87
415 856
587 710
327 451
535 894
169 801
191 400
817 808
195 597
198 436
554 404
829 270
722 862
320 290
563 414
781 619
716 128
439 248
900 79
313 627
653 689
526 129
624 815
967 17
843 15
972 361
633 727
316 133
709 618
468 56
964 965
554 857
580 985
834 505
908 848
265 978
819 87
586 374
151 426
634 90
11 607
658 418
665 137
532 999
650 890
577 266
140 8
13 278
939 432
182 439
699 283
438 813
81 544
776 512
581 211
175 518
607 515
934 753
956 281
870 243
874 254
505 625
315 295
549 390
833 136
168 639
194 739
949 625
881 795
54 927
756 109
633 478
163 852
693 636
604 41
681 816
276 124
464 244
101 225
765 90
214 448
803 357
396 949
640 552
383 807
161 165
751 8
309 101
350 659
367 787
349 868
850 715
29 102
696 669
933 656
699 530
445 982
798 970
622 142
626 245
510 920
980 700
361 211
122 948
964 613
948 98
436 190
664 345
601 770
730 166
677 509
398 246
554 392
353 636
501 321
269 379
326 372
751 573
771 808
960 734
327 921
529 335
160 278
643 451
58 865
991 499
559 223
407 66
999 932
247 899
965 724
359 325
628 946
886 126
155 154
287 393
400 35
774 917
683 736
596 199
120 760
66 738
37 906
162 997
624 184
236 694
277 533
499 668
539 174
68 399
32 685
734 401
309 995
291 168
384 454
314 779
483 944
870 780
943 944
965 40
803 197
841 26
145 531
594 834
286 380
380 655
785 579
382 453
888 74
707 526
300 72
376 798
656 304
992 504
846 455
224 850
225 527
387 776
880 96
160 714
567 443
826 115
699 227
521 711
578 912
81 200
589 304
349 983
613 186
100 451
851 525
29 985
176 307
506 550
768 87
785 911
290 295
395 928
721 9
85 482
466 676
436 124
904 390
426 54
74 964
935 251
647 711
782 346
164 725
826 550
421 194
303 187
460 296
528 289
947 774
821 865
401 158
938 975
955 999
668 244
282 939
356 632
764 365
182 896
977 764
317 115
191 998
291 520
164 282
361 731
424 103
652 567
653 842
808 269
93 285
653 124
11 534
987 817
272 58
865 349
666 358
683 716
139 426
792 293
187 422
408 441
426 921
413 696
922 2
699 323
844 808
477 305
98 582
524 942
176 772
14 888
920 387
758 989
870 40
803 78
570 335
328 46
956 432
262 225
484 337
508 335
492 964
590 949
537 47
646 891
168 710
813 234
851 459
335 602
171 896
215 176
94 931
534 716
646 778
423 391
371 878
797 662
146 616
309 44
179 634
663 793
941 727
581 624
86 822
363 863
694 945
575 150
547 689
967 1000
825 55
717 193
226 572
333 760
523 392
262 700
673 471
569 58
181 772
566 410
843 772
311 874
222 323
242 389
523 630
433 728
291 710
570 711
184 374
111 705
244 686
189 251
964 851
82 94
492 76
956 835
5 665
885 307
523 852
265 548
140 432
269 20
291 548
899 165
517 382
810 264
985 499
66 520
729 248
123 601
144 834
374 139
594 710
352 677
957 472
852 242
377 214
69 264
438 983
735 839
810 554
979 241
157 885
33 847
508 687
434 774
866 773
102 211
672 566
585 251
783 866
735 613
461 688
964 814
248 67
2 774
984 631
215 385
167 704
788 559
111 720
358 395
284 249
794 363
758 680
742 109
120 236
104 657
551 585
112 880
115 51
565 605
529 671
641 101
474 478
281 592
478 996
650 509
711 788
253 370
699 920
793 467
405 541
725 904
177 918
94 697
747 429
170 233
40 850
686 753
62 290
105 436
379 181
475 710
721 226
795 615
924 769
601 44
838 955
587 761
915 62
42 62
240 95
959 607
454 963
48 39
155 482
964 800
87 563
680 579
455 431
278 492
144 896
821 970
174 796
278 266
979 431
709 762
946 156
944 204
53 786
992 546
59 219
425 667
32 531
914 465
628 637
240 662
652 221
560 580
63 659
615 934
905 867
925 972
233 380
140 920
197 217
254 10
907 289
535 225
900 930
145 242
462 215
889 873
942 221
949 719
624 458
642 233
478 828
686 230
637 332
159 162
381 14
54 924
754 501
814 650
263 128
447 359
195 214
177 327
275 718
721 770
6 162
923 798
17 891
859 924
931 466
500 578
85 604
241 374
612 323
974 358
1000 229
30 454
476 504
270 369
150 868
939 2
669 181
906 345
412 130
991 6
265 222
246 201
575 63
262 644
857 318
251 27
288 15
789 637
596 669
321 73
599 282
295 889
221 976
437 531
22 675
39 707
243 860
959 946
583 774
772 87
187 977
922 612
373 774
356 724
909 298
269 203
252 901
143 726
773 843
136 256
89 352
820 850
974 675
761 94
672 289
14 720
442 483
422 441
796 898
447 886
454 378
41 935
723 831
432 356
529 138
412 778
966 481
392 252
645 820
901 511
528 462
344 543
1 322
231 925
940 859
408 380
214 656
859 685
144 342
201 267
866 559
721 214
46 669
709 163
859 730
24 443
46 524
76 52
732 507
626 594
733 942
312 502
935 694
183 397
828 966
831 481
158 85
822 236
539 998
669 375
449 732
184 909
768 40
396 809
720 305
479 808
560 394
264 855
734 620
194 136
802 459
380 163
994 931
371 544
555 75
935 250
80 190
463 725
65 782
851 987
416 80
659 12
915 118
221 899
956 602
248 799
959 833
84 397
470 707
808 386
677 400
915 487
331 220
703 332
714 940
455 375
972 291
829 422
740 711
462 2
504 615
674 693
238 748
277 740
658 742
101 928
139 719
77 525
98 498
529 84
306 534
848 654
852 78
356 957
162 518
110 944
435 518
168 139
810 710
634 258
34 310
533 614
854 862
300 783
701 639
840 492
953 723
353 721
809 882
29 632
357 859
881 849
715 941
258 654
188 555
745 290
513 164
932 698
103 389
188 666
194 603
102 880
380 882
755 23
556 28
579 453
63 252
194 893
431 632
803 653
109 366
508 336
630 816
150 804
523 314
708 886
157 24
788 258
12 829
380 199
756 538
26 981
355 899
541 273
892 106
584 651
587 732
815 246
471 617
240 449
954 517
42 91
939 219
887 161
133 691
160 2
159 988
535 965
955 917
423 603
709 850
66 244
184 375
841 108
823 829
514 755
87 671
182 877
315 727
492 77
863 110
459 796
354 42
209 885
862 861
14 366
681 211
874 644
80 742
339 819
526 453
359 396
143 528
939 698
865 271
331 439
499 569
995 668
245 37
999 892
701 978
741 773
649 623
192 206
620 134
970 981
866 770
405 390
610 138
525 405
379 957
948 812
954 417
646 980
511 388
672 500
172 294
210 113
653 305
824 909
199 770
55 123
352 226
590 75
871 245
340 899
713 239
785 522
968 789
204 719
404 160
996 538
667 746
742 98
90 973
716 905
332 898
137 692
820 671
7 865
241 504
955 388
495 455
716 623
163 633
591 409
149 438
685 676
778 6
599 930
87 142
548 620
146 732
699 520
665 648
81 305
821 21
511 595
699 633
665 569
886 549
190 124
891 209
233 543
346 806
57 809
442 388
632 691
544 277
265 276
285 969
91 518
494 577
223 13
99 51
244 643
852 962
247 776
399 508
887 344
468 58
469 495
625 329
535 316
80 706
415 294
835 818
839 874
535 429
792 927
188 56
819 454
581 320
201 12
849 648
277 367
561 284
979 125
282 471
176 894
638 258
196 369
935 990
519 671
561 365
637 730
625 553
823 37
352 142
651 380
806 984
842 481
555 728
538 806
557 10
595 171
228 896
559 972
527 710
930 15
860 332
380 350
828 914
744 461
218 353
730 864
221 510
590 140
395 193
212 850
265 352
15 433
454 755
720 548
97 99
674 234
700 878
882 73
15 791
303 347
285 828
35 985
812 563
757 397
669 982
436 303
493 842
114 641
761 586
887 30
856 370
416 787
569 955
890 145
304 788
50 360
877 373
934 196
93 766
574 175
523 927
187 835
987 408
878 545
818 699
635 316
212 91
681 436
19 701
193 626
688 720
976 663
879 850
678 475
603 788
393 436
982 813
823 363
145 640
884 875
150 243
693 779
186 82
397 356
85 933
458 665
762 506
528 94
145 865
864 70
701 621
324 95
729 796
822 451
625 915
958 643
23 694
797 543
724 545
854 976
546 257
859 842
703 725
134 80
689 271
85 654
584 35
656 720
755 58
906 24
673 883
608 296
811 141
122 756
215 893
223 278
260 300
262 726
817 653
359 854
933 131
837 834
575 695
989 903
812 640
671 17
375 488
623 326
493 925
421 192
539 549
769 414
1 879
672 130
356 491
297 161
716 123
612 164
602 382
929 646
352 957
705 127
373 793
873 75
131 467
875 427
503 618
680 683
990 904
592 471
296 148
649 912
689 675
9 561
835 893
620 509
808 271
828 210
854 586
870 637
192 116
800 371
966 396
584 58
179 180
177 708
170 919
254 353
880 816
595 295
830 642
550 425
429 27
639 22
552 18
625 716
814 118
659 947
343 682
704 667
336 419
239 346
112 218
236 856
913 681
315 683
723 278
7 177
745 178
106 380
516 969
242 876
176 322
307 664
717 890
833 672
446 205
599 921
