1000 9887
730 856
656 587
795 748
704 839
137 458
266 302
488 466
930 281
18 319
56 246
821 161
200 693
630 723
497 501
740 55
869 104
906 481
707 69
164 715
757 724
406 536
299 712
339 615
191 462
880 257
454 884
529 243
956 750
829 344
500 128
249 342
229 744
969 589
786 109
381 957
421 454
574 148
577 144
504 900
691 408
121 303
238 649
442 582
745 935
815 123
40 448
732 683
1 717
952 603
827 601
735 816
792 900
923 170
482 822
102 503
657 506
788 868
199 631
257 916
538 271
460 865
317 1000
283 696
519 549
124 889
231 951
54 660
935 821
794 87
317 714
159 59
822 361
173 247
564 976
211 296
124 607
250 782
436 579
509 19
893 67
846 402
634 660
337 440
116 235
854 937
980 604
196 67
771 603
867 994
394 42
124 317
395 383
888 371
682 665
438 307
647 69
941 680
210 434
780 618
197 712
381 315
149 437
336 100
119 363
673 827
157 74
177 916
310 277
422 374
891 355
933 586
327 303
511 777
669 64
164 686
925 502
752 570
803 902
952 76
146 511
536 779
609 875
60 601
613 803
251 238
363 488
199 134
806 170
981 944
70 753
412 87
499 841
151 848
942 581
598 187
946 440
566 645
398 827
93 417
993 227
300 765
597 113
688 819
764 487
985 215
131 45
539 184
957 393
544 210
681 95
362 356
509 499
216 668
280 527
5 814
948 658
842 189
326 858
785 459
988 246
491 950
679 947
222 554
63 738
889 879
36 219
987 438
568 788
698 847
936 984
149 21
135 38
229 327
141 657
626 733
291 380
202 897
444 838
391 969
305 392
501 263
751 311
818 715
794 764
979 696
261 593
20 4
383 800
889 683
708 169
466 556
124 432
380 42
971 585
238 440
938 402
591 636
446 133
363 793
595 842
953 55
593 104
8 674
116 643
371 523
427 296
517 414
881 309
437 383
118 444
857 316
711 425
658 311
181 105
578 510
762 643
688 610
697 276
576 707
994 366
958 493
373 659
134 723
670 545
108 416
491 296
218 608
863 16
778 220
423 755
597 164
815 221
946 348
530 31
307 426
745 135
938 776
351 861
465 806
688 991
676 388
92 579
41 139
829 98
466 80
505 830
227 373
329 128
478 483
745 776
463 85
945 510
691 34
505 327
951 288
18 636
75 629
295 692
426 957
429 54
893 625
430 241
240 515
559 284
498 60
653 231
287 57
384 328
166 878
10 414
987 402
110 615
132 909
560 832
872 562
858 621
202 933
538 827
268 491
443 437
393 712
582 448
675 254
256 80
292 694
719 745
945 868
394 226
397 769
314 317
722 334
121 813
693 996
47 694
703 875
751 926
453 935
668 418
9 235
601 577
88 556
539 695
953 931
282 660
247 60
166 2
459 20
406 637
522 826
138 547
433 689
820 59
34 624
491 943
22 589
648 236
498 581
429 709
708 720
947 952
493 702
672 97
69 511
804 614
273 234
197 347
805 28
255 85
663 3
847 294
424 136
353 38
260 534
779 526
961 935
980 133
247 646
509 443
737 920
866 892
248 187
926 962
106 185
303 513
382 10
563 826
339 341
747 176
125 380
418 860
951 42
310 372
383 676
205 644
104 553
308 403
653 412
214 690
258 467
702 839
139 107
103 442
106 490
707 892
232 284
233 997
106 381
586 547
419 600
862 844
756 471
900 995
29 777
217 537
221 839
369 374
82 200
33 447
399 216
721 106
775 333
211 824
30 284
309 203
147 32
590 372
668 390
560 263
147 913
316 552
873 593
166 46
630 579
795 954
658 398
880 258
866 365
80 442
579 912
356 543
553 269
754 438
758 342
49 542
303 993
839 243
865 412
459 751
889 278
227 667
853 435
784 742
892 671
587 235
22 826
459 636
740 987
192 81
525 177
486 791
866 424
254 307
930 579
808 123
519 294
145 249
231 33
13 494
362 144
552 96
40 404
305 275
575 888
805 995
171 971
580 421
41 710
73 271
361 489
843 950
283 824
93 802
442 106
113 160
653 384
767 806
992 52
538 963
11 64
309 294
983 782
551 586
509 899
646 858
525 599
216 925
529 668
825 773
111 32
673 616
133 718
854 648
143 643
504 139
403 200
265 175
102 636
911 352
128 369
347 359
552 469
25 751
636 423
854 362
413 400
877 843
42 426
740 69
647 763
685 580
228 855
693 73
464 960
273 886
551 31
40 647
38 182
609 874
792 438
721 368
995 145
423 1000
195 601
930 540
103 529
955 947
652 773
122 894
126 862
697 360
226 912
729 63
105 15
368 97
723 726
463 213
226 3
446 516
865 440
127 86
164 172
992 679
59 478
847 361
153 917
689 635
637 773
620 85
822 953
2 178
850 462
919 206
944 535
606 915
592 748
300 670
788 607
724 712
899 350
67 742
608 962
770 465
352 128
814 798
543 164
34 340
770 320
704 452
962 760
866 80
33 660
231 521
380 837
570 501
595 794
546 362
450 311
968 168
442 571
439 589
354 731
941 651
293 940
831 137
498 154
280 281
100 442
377 795
749 683
699 534
811 48
705 597
354 573
28 476
834 883
621 665
551 178
305 833
919 718
544 708
946 744
730 51
424 22
669 980
372 980
726 47
949 769
952 216
866 418
756 882
498 606
138 671
179 457
398 869
860 976
75 40
792 688
260 142
759 194
445 406
681 152
610 814
28 273
175 226
679 530
791 948
80 672
905 593
249 111
654 372
841 339
71 482
184 766
39 768
903 559
909 154
776 593
500 207
102 271
692 717
747 64
434 717
842 222
185 689
718 581
215 469
415 247
244 123
872 932
581 68
769 732
824 839
992 13
956 424
940 997
580 268
54 127
45 280
929 397
824 677
993 518
564 687
926 50
656 722
181 153
552 515
493 343
864 789
788 38
846 788
885 818
37 636
651 806
817 562
252 113
643 982
91 821
882 24
521 310
854 402
158 389
255 899
401 368
722 512
282 661
246 706
587 642
173 108
934 437
740 492
27 331
85 177
345 92
493 812
97 515
709 780
959 854
809 958
8 155
361 807
316 901
697 529
383 146
596 257
852 875
639 429
291 925
484 457
679 566
222 167
973 981
121 401
210 727
988 490
130 436
793 748
429 136
529 218
454 357
443 20
525 360
64 303
638 457
179 526
20 522
847 71
193 894
984 671
624 390
552 419
174 613
776 683
427 649
296 72
376 207
943 705
250 744
770 409
20 872
719 942
831 544
742 69
249 560
788 373
236 858
628 116
167 856
115 91
902 277
851 463
266 123
51 963
642 974
921 565
224 737
100 284
617 820
375 906
674 479
638 788
161 240
256 822
573 919
225 777
855 13
711 998
237 822
73 941
935 437
911 188
768 166
878 65
56 248
664 503
542 504
982 227
929 981
748 24
347 568
241 29
270 78
146 40
493 895
921 982
526 831
657 956
394 682
680 619
75 99
41 407
106 695
491 499
972 322
117 341
174 772
922 666
216 58
482 678
827 746
347 996
648 487
425 786
28 345
602 626
452 637
679 730
993 311
666 727
758 113
212 510
377 218
892 783
219 651
97 235
504 211
642 511
131 11
642 899
726 144
443 161
240 975
728 721
159 37
201 375
132 951
708 187
281 175
907 175
581 28
448 648
103 328
305 273
315 617
422 936
578 818
870 42
572 672
811 920
941 277
567 511
718 121
618 309
427 86
272 787
402 734
220 633
96 439
103 780
683 384
464 442
337 844
835 221
910 681
894 632
241 168
521 334
673 821
502 817
543 549
546 61
184 56
717 882
539 638
936 70
839 291
610 553
836 730
88 771
655 445
126 863
365 297
353 417
830 141
578 186
724 45
672 59
636 868
87 700
863 79
331 374
773 851
758 435
879 187
503 556
397 127
588 854
183 594
611 143
870 680
852 163
501 59
265 981
822 783
286 21
53 798
271 536
330 181
258 182
223 298
449 262
842 40
221 61
170 877
463 480
512 844
250 479
35 297
254 447
383 281
110 873
618 548
211 488
709 425
158 673
250 590
879 537
456 449
554 646
427 576
687 422
871 133
693 677
654 725
343 364
254 153
82 22
944 453
564 950
376 775
33 570
860 41
241 703
737 996
224 917
110 427
882 384
37 991
389 294
615 358
854 570
621 997
324 269
769 392
189 665
794 621
389 439
45 469
877 524
271 951
682 522
778 57
137 439
673 197
622 288
47 525
13 685
360 215
603 181
768 366
34 763
754 138
540 817
902 936
959 809
26 514
89 217
507 870
134 721
189 133
423 749
743 760
601 39
620 261
95 999
71 191
239 937
564 148
503 560
17 7
273 157
520 234
260 941
139 564
748 112
987 493
218 819
739 131
101 874
16 456
456 287
681 458
495 614
990 874
649 676
870 950
549 323
452 93
516 412
735 552
581 178
12 243
399 669
866 696
770 434
185 914
259 365
760 26
447 310
68 57
430 576
289 700
695 76
163 839
918 981
300 468
376 914
910 805
234 336
197 620
453 754
920 249
205 81
43 378
924 641
119 527
817 343
508 6
984 910
86 815
950 324
536 56
419 668
4 758
314 426
670 71
677 809
713 736
74 894
551 192
972 923
555 133
773 326
43 937
206 615
347 840
203 815
818 698
223 160
703 106
427 423
351 768
992 334
52 943
588 41
300 271
369 869
598 118
388 281
660 541
539 324
725 113
912 434
862 186
511 936
187 622
424 108
575 531
634 189
9 566
925 992
110 70
127 152
645 481
630 33
979 363
729 272
865 336
314 726
350 264
596 224
466 630
430 160
359 74
450 275
878 802
258 17
766 259
841 168
330 431
520 627
832 805
10 545
691 12
163 5
880 529
275 959
556 468
205 642
488 39
11 969
101 127
120 213
176 266
164 180
879 311
571 110
205 484
759 797
225 558
391 787
979 626
492 556
910 944
252 176
987 15
792 15
661 253
171 58
896 894
552 911
493 203
460 20
671 398
153 864
474 136
846 992
322 808
911 44
973 291
441 690
498 901
684 143
321 132
711 371
751 658
425 230
833 225
745 737
162 97
395 667
658 31
868 444
981 251
984 145
912 414
182 784
97 776
80 730
912 301
89 348
698 287
832 244
525 175
425 914
308 873
684 976
373 141
448 892
473 735
257 792
904 575
732 891
783 873
879 516
957 550
61 648
948 991
595 688
210 252
979 103
533 856
832 380
276 503
849 467
813 184
203 730
422 568
584 239
231 628
859 951
931 258
418 574
953 318
366 229
850 846
372 574
559 778
941 566
746 414
365 936
170 210
13 648
631 283
859 194
604 684
720 140
497 5
341 252
604 566
327 441
497 406
260 118
997 449
817 859
857 342
416 924
769 920
38 7
846 670
62 137
618 793
330 833
44 983
226 942
189 26
118 224
501 280
415 584
510 206
169 86
904 927
251 446
622 675
697 584
904 878
724 375
338 470
100 649
849 994
903 709
262 309
545 765
585 952
503 845
308 845
482 584
102 353
874 454
934 664
629 80
979 1
763 662
529 818
947 479
606 478
192 460
272 436
658 69
704 343
577 991
448 661
837 389
271 611
842 493
472 124
598 137
78 27
47 253
229 469
216 972
784 430
894 473
785 891
898 442
628 173
189 807
83 639
141 880
881 639
916 74
684 30
100 469
444 935
375 845
11 332
531 629
632 942
498 152
225 816
764 131
536 618
967 542
389 559
436 102
71 230
636 453
104 78
142 816
569 4
647 729
447 854
969 863
351 43
722 685
905 155
907 965
749 132
42 174
285 602
35 827
4 230
443 590
792 734
710 315
623 637
689 699
687 912
441 237
349 169
518 906
562 282
533 989
161 807
53 881
705 363
701 933
518 805
330 63
416 408
709 362
435 561
553 246
900 359
365 848
793 647
127 689
740 876
154 75
671 674
304 340
875 15
583 470
417 683
505 8
456 367
76 936
477 295
633 49
983 637
344 740
612 748
41 580
313 878
615 86
564 996
654 694
343 371
698 878
699 27
594 207
908 261
93 228
73 708
681 901
349 527
940 118
509 841
627 2
3 830
673 902
90 816
626 990
974 476
906 4
301 590
894 727
440 398
391 510
480 927
341 850
233 697
474 181
939 101
668 445
708 942
394 594
695 672
521 133
958 82
462 829
907 912
816 872
731 372
727 936
146 726
511 885
937 358
556 520
670 512
472 526
398 839
486 524
911 655
537 810
648 461
891 729
767 70
639 103
496 335
832 233
500 271
852 228
411 278
268 837
843 299
737 812
719 372
410 162
842 97
273 410
349 431
652 226
546 893
49 435
267 324
451 483
89 914
474 896
336 929
598 797
489 197
35 113
721 530
67 904
277 20
707 579
10 433
817 7
672 782
177 416
399 609
820 252
632 2
315 318
851 352
873 504
693 525
286 237
590 959
258 594
171 287
559 896
675 159
270 609
642 972
312 407
497 941
225 670
924 742
708 93
934 730
419 554
574 610
837 911
594 356
833 676
981 612
104 1000
379 318
678 524
261 196
869 447
797 434
981 725
300 770
217 824
768 184
706 797
403 399
997 347
907 559
601 540
360 784
952 436
77 749
740 51
579 887
144 764
694 580
623 358
617 427
204 240
637 706
8 91
534 363
673 351
412 485
680 621
181 544
238 947
310 431
494 537
26 611
616 287
890 354
653 646
446 668
360 605
677 256
680 764
471 827
496 363
611 4
795 221
411 212
326 527
625 160
94 61
294 675
117 452
14 738
473 572
40 121
495 140
131 66
706 722
328 53
912 189
258 67
14 572
249 388
192 328
760 262
813 260
425 579
67 638
286 412
662 107
44 342
62 923
234 100
842 359
92 74
148 340
176 949
84 550
146 789
788 676
276 496
59 992
655 692
569 563
896 269
110 397
368 796
720 577
955 298
372 392
233 966
180 763
841 647
589 353
385 441
958 558
261 262
501 897
617 104
103 697
470 132
950 402
932 953
190 263
82 628
86 852
401 540
578 146
960 781
280 431
523 349
142 853
476 999
817 192
794 856
69 880
859 370
699 749
646 308
26 677
138 535
692 402
216 331
342 799
808 655
147 799
477 636
424 376
316 958
743 833
764 316
325 568
17 511
237 348
311 757
869 919
469 377
531 242
628 822
876 770
689 670
523 886
317 806
246 244
567 714
605 435
199 710
249 961
1000 775
92 665
442 440
248 135
989 54
645 406
684 580
887 923
498 21
503 914
92 447
940 188
330 484
500 916
836 814
373 77
159 27
572 864
187 194
785 745
572 727
738 715
498 292
405 232
858 516
598 936
372 492
814 767
998 360
432 777
587 863
897 241
718 91
924 558
615 497
711 758
837 567
200 388
882 352
20 247
744 442
498 153
617 213
871 728
384 714
60 795
901 443
960 873
831 62
797 122
674 231
90 129
293 651
463 767
543 539
985 379
859 350
255 211
290 623
331 89
973 490
467 617
428 801
318 492
365 378
402 132
226 960
744 797
981 80
854 198
605 836
752 312
680 549
933 221
147 680
593 552
151 880
632 946
83 550
765 874
623 636
420 887
994 76
505 105
692 827
477 915
973 814
464 770
908 883
451 744
857 877
731 836
255 2
793 533
192 156
784 944
251 917
439 456
576 50
461 528
830 747
430 245
453 188
880 920
510 39
37 445
666 47
831 811
278 953
279 464
118 568
926 629
672 628
747 200
197 167
71 658
974 865
352 48
371 204
478 656
393 530
361 422
822 341
14 790
382 460
918 888
850 98
528 226
585 407
968 489
438 477
920 332
958 644
775 54
813 255
232 292
252 284
926 49
751 196
110 308
668 664
150 675
247 357
285 72
983 17
589 186
973 476
295 51
444 762
601 724
907 693
696 832
367 941
8 322
206 613
155 533
686 819
378 470
730 99
587 566
141 453
143 124
401 373
455 190
673 480
877 929
270 113
41 303
778 652
160 107
911 1000
715 219
274 415
863 483
464 561
302 433
716 2
327 976
290 853
38 479
722 944
597 68
523 801
982 646
216 33
605 729
787 916
883 939
477 838
558 593
706 348
940 922
471 910
74 18
735 987
664 600
540 219
176 590
853 268
658 874
596 226
164 118
205 606
352 510
837 169
675 322
417 694
70 353
987 455
510 67
438 236
206 376
443 134
337 511
528 32
861 420
340 233
334 121
483 802
689 243
29 626
266 772
413 979
695 61
715 931
55 386
874 972
868 599
98 931
945 986
180 625
850 53
626 737
625 946
408 124
907 98
219 10
422 621
828 992
232 484
285 443
141 951
536 487
350 707
276 162
258 885
116 545
483 510
690 848
904 474
906 136
484 924
124 107
960 849
885 900
890 542
636 14
335 593
91 899
566 872
699 704
459 167
145 199
69 812
454 214
803 894
701 439
320 478
230 881
450 849
515 559
218 437
991 18
919 465
765 929
217 251
400 309
53 613
535 673
256 777
593 624
631 984
777 377
635 413
895 834
865 400
923 48
320 107
728 152
122 427
503 762
179 800
342 700
454 410
889 395
282 219
191 94
785 192
824 636
802 645
838 79
285 429
2 93
495 920
745 597
780 76
113 417
382 42
240 591
891 763
678 282
453 261
805 624
129 503
816 449
280 837
686 205
159 183
182 124
674 284
328 960
826 67
607 858
721 799
244 348
119 576
524 318
391 881
875 530
215 109
823 786
225 697
798 52
307 763
525 973
146 583
312 291
976 250
918 765
981 519
764 889
492 596
111 258
958 777
246 623
594 301
657 738
731 401
881 268
844 144
973 372
481 926
17 732
346 800
38 170
556 691
939 317
83 815
561 707
85 133
765 199
108 298
130 900
166 78
341 121
815 343
49 860
500 186
708 645
160 403
308 267
611 466
155 104
799 835
70 773
462 188
537 880
130 678
779 799
653 826
674 759
17 24
166 443
279 120
118 896
544 215
162 870
192 177
896 711
70 182
788 773
25 343
711 959
46 233
451 557
590 545
629 94
118 733
747 239
898 231
75 682
223 354
983 968
513 452
982 208
241 803
13 347
500 15
652 188
510 373
438 502
605 284
3 695
704 472
364 373
301 838
86 548
158 96
569 703
141 878
950 460
868 845
744 307
615 496
980 851
974 369
618 679
855 189
890 743
12 963
290 765
203 772
829 584
83 804
731 362
473 14
570 932
331 88
973 489
246 277
910 426
144 709
15 194
532 472
146 111
536 923
132 46
578 106
624 756
860 940
576 631
246 55
787 118
430 318
255 303
19 485
41 125
403 898
23 437
540 65
374 491
783 88
486 753
602 646
253 730
416 759
115 777
866 115
10 839
173 505
692 939
12 356
938 535
995 730
482 410
487 110
662 822
68 503
486 930
20 626
438 769
828 409
129 398
900 909
775 787
176 64
817 25
945 44
193 775
16 888
948 913
755 885
591 27
884 23
794 315
67 343
158 930
841 892
789 4
591 136
777 708
188 653
410 691
216 938
928 122
12 507
6 129
523 41
128 31
94 862
854 935
59 521
542 230
66 295
747 676
894 725
966 838
751 52
241 267
974 333
688 342
621 744
217 802
713 741
570 870
682 892
720 199
999 591
441 810
427 267
358 865
548 817
218 188
695 674
722 764
562 873
134 406
962 547
503 173
661 623
60 542
597 353
735 151
645 187
994 271
223 67
133 343
282 947
895 989
580 211
956 770
184 465
520 427
977 756
122 37
553 421
662 513
536 661
900 414
443 733
28 369
675 918
896 985
770 958
242 877
59 429
543 436
244 999
946 95
642 356
438 963
314 725
386 38
334 656
932 237
182 452
532 935
963 151
338 190
823 325
419 3
330 426
519 588
560 515
887 834
49 2
909 924
841 62
969 241
921 118
174 905
104 558
638 175
270 837
698 768
519 370
315 304
889 923
600 546
414 36
949 179
515 475
656 835
686 400
599 689
228 105
214 401
175 917
897 143
2 262
817 368
703 375
994 796
114 172
295 65
388 933
501 860
542 194
163 723
935 433
795 738
775 328
411 765
963 952
742 970
713 641
18 313
259 545
955 716
483 223
66 45
968 593
610 686
609 833
649 506
890 398
561 678
161 304
270 82
401 225
203 93
74 180
629 796
565 942
633 593
8 44
947 923
622 795
75 244
403 589
703 510
13 182
588 814
494 889
117 450
725 131
598 371
250 229
508 961
992 542
525 43
951 758
115 590
41 855
25 378
455 338
871 447
174 85
892 890
676 191
14 514
255 170
824 306
481 249
745 596
775 584
379 946
175 629
732 886
144 503
680 201
936 851
130 182
84 689
948 986
609 86
516 742
100 904
559 576
927 44
396 676
181 394
957 773
586 656
327 993
501 601
176 149
267 814
984 780
370 352
216 909
699 803
993 578
661 535
318 335
747 735
324 676
254 573
717 443
384 881
415 20
538 542
212 837
29 921
582 815
682 933
741 134
781 815
194 203
341 776
74 949
55 986
925 496
908 510
86 52
401 316
852 747
906 399
32 496
992 641
551 491
679 182
919 391
556 579
965 471
991 972
355 130
104 386
639 690
568 17
682 505
297 29
925 452
52 785
628 816
973 695
633 734
671 962
465 828
296 622
620 428
640 908
843 151
420 172
870 684
835 827
516 134
705 347
490 443
405 306
124 804
220 247
130 235
209 457
600 333
824 961
839 534
435 756
224 97
297 763
318 815
136 823
33 589
442 869
737 165
495 157
577 988
907 207
525 660
124 633
215 274
306 714
453 393
103 397
628 57
638 203
780 806
766 139
367 68
24 470
759 966
65 766
413 188
272 740
789 961
609 264
464 124
929 198
751 19
590 151
263 134
977 178
526 703
945 604
285 19
837 966
803 586
308 180
756 554
243 409
299 475
806 494
574 794
665 542
817 747
765 133
324 973
137 230
556 551
304 956
66 823
764 322
748 831
360 520
280 118
809 837
86 429
866 129
190 607
162 792
36 801
738 71
222 204
79 845
282 225
490 268
74 79
457 93
682 557
814 131
880 5
926 857
139 441
396 40
164 92
704 121
121 153
359 179
272 245
951 431
63 703
12 346
694 503
452 998
895 338
1 346
561 386
944 278
599 590
270 878
978 45
358 331
215 310
287 837
328 906
867 979
618 87
802 142
950 62
275 754
472 311
650 298
884 385
671 368
265 992
52 448
91 106
497 791
738 975
833 733
155 969
686 599
85 632
251 864
894 730
552 919
203 965
502 595
357 372
485 399
751 932
474 176
287 387
725 569
661 509
864 743
479 54
373 607
800 437
108 732
894 775
881 420
972 117
792 499
846 682
902 904
265 341
359 557
661 735
421 90
588 474
672 8
708 734
235 143
331 165
758 332
777 323
27 108
544 50
619 534
411 205
88 110
382 624
537 815
77 859
508 958
70 989
182 699
753 733
176 576
20 379
654 341
494 182
866 903
186 623
631 645
853 763
361 725
73 169
115 994
203 886
357 609
118 96
507 2
969 103
399 844
735 520
921 196
952 838
400 664
395 29
180 861
776 616
435 812
516 515
738 431
154 844
429 310
491 517
568 997
741 685
372 256
444 661
965 277
966 630
474 336
516 801
521 665
902 270
832 630
693 443
451 32
289 973
966 897
661 93
883 37
923 990
963 791
21 367
389 395
321 461
928 595
358 544
566 197
345 455
881 661
552 883
863 525
919 815
704 862
688 371
851 673
47 592
124 101
696 862
220 944
631 406
299 291
75 312
744 953
698 911
179 358
90 343
511 645
402 187
792 463
242 442
423 595
597 260
299 655
530 191
291 753
697 342
772 384
389 976
925 702
964 836
790 612
813 957
208 532
862 639
672 387
602 716
605 571
805 425
308 599
593 903
45 612
701 547
677 111
92 513
827 606
990 254
499 513
163 374
625 391
226 458
944 609
410 133
175 391
343 609
455 919
684 611
240 186
943 898
124 880
585 226
352 964
515 139
475 454
261 847
119 911
690 351
375 297
737 152
426 657
337 362
409 869
907 162
306 551
237 721
788 679
371 55
79 494
559 560
267 208
766 108
287 797
715 878
992 441
561 180
939 531
458 992
941 673
85 591
121 894
12 763
909 273
366 88
424 831
918 755
989 446
694 874
57 87
494 252
797 154
206 560
834 873
191 164
307 923
794 700
627 290
989 855
406 989
924 794
483 250
472 487
480 446
636 131
865 871
347 648
294 913
139 976
928 59
303 173
621 768
514 828
550 166
421 18
693 245
581 831
502 71
952 800
457 326
903 803
84 163
692 802
895 869
991 479
934 803
566 827
795 43
154 337
193 509
819 417
767 319
696 404
753 741
457 416
165 422
97 153
390 924
503 841
343 916
491 129
331 728
460 956
306 278
783 728
453 197
664 700
936 161
844 794
921 275
443 83
524 920
966 139
361 318
804 120
953 674
236 618
572 908
23 964
541 903
84 726
340 568
235 418
399 565
715 924
444 750
48 143
391 945
471 135
73 300
793 235
836 251
695 148
167 799
538 849
685 990
873 70
765 80
307 680
841 672
381 359
533 90
918 556
560 8
462 664
44 660
676 630
702 498
821 448
716 282
596 960
618 564
215 710
570 819
405 581
777 251
285 820
18 145
700 981
592 54
264 17
564 132
781 84
531 53
929 439
589 70
626 461
865 643
402 131
528 861
969 957
103 94
914 102
881 153
365 264
114 520
596 388
887 391
193 191
783 376
252 926
329 431
827 696
666 630
616 489
710 279
416 521
255 446
239 805
476 441
149 525
190 559
947 240
314 575
791 35
630 73
151 448
317 952
690 178
16 461
625 591
261 997
297 564
5 779
45 846
687 355
535 150
451 523
583 466
816 433
571 266
609 179
187 5
280 737
922 80
727 647
139 358
219 916
849 668
185 548
367 276
23 1000
7 423
689 212
525 294
893 876
766 458
898 376
97 353
797 614
817 104
470 630
20 961
257 401
84 148
24 388
399 845
675 231
458 937
699 347
793 368
8 920
157 233
200 340
110 315
522 225
595 941
543 309
674 36
901 267
115 272
833 589
480 915
67 149
713 747
626 188
4 642
80 24
151 909
103 928
750 101
43 780
27 464
104 317
912 890
530 457
365 202
442 985
369 143
722 653
118 258
999 655
104 332
198 490
881 52
26 523
977 601
806 68
230 938
620 358
311 431
22 934
313 802
359 355
822 857
14 266
633 774
496 802
46 155
601 288
418 514
505 117
516 351
828 89
294 613
867 421
762 735
136 515
572 780
800 506
398 647
457 201
352 497
62 784
836 579
619 85
547 432
163 443
211 423
15 799
73 394
497 758
495 871
822 122
971 970
733 231
578 808
816 253
780 792
935 764
112 846
223 702
423 296
888 223
137 647
357 36
451 35
116 250
258 961
470 924
531 576
470 892
113 657
76 691
860 236
636 299
673 791
232 33
604 777
128 364
845 49
958 784
212 914
564 431
603 67
164 797
977 778
320 563
443 634
602 137
765 747
752 534
593 314
260 415
647 541
464 754
887 383
393 314
584 515
754 207
722 881
389 846
606 467
993 198
529 380
322 402
735 26
722 915
545 925
946 287
964 980
10 906
264 406
748 38
662 138
102 495
182 567
697 785
956 42
315 146
903 621
961 900
23 818
84 844
175 631
571 306
607 528
330 460
537 657
733 90
97 312
940 788
738 94
33 25
168 541
779 911
427 888
737 377
770 877
361 157
239 100
578 558
560 109
160 635
290 498
331 597
209 226
546 35
985 577
98 440
859 168
734 836
975 974
904 505
488 310
476 995
241 162
441 864
830 458
479 248
581 579
622 104
15 122
368 299
338 911
363 810
565 136
199 126
271 285
122 889
127 488
308 278
492 27
274 482
791 715
891 935
585 752
160 261
491 469
454 219
558 541
139 689
122 91
827 524
792 889
300 644
959 759
476 325
139 415
529 11
141 625
352 458
704 31
558 878
905 792
525 95
124 806
340 347
126 364
533 564
491 785
187 504
542 674
102 245
819 751
824 963
664 556
240 622
131 721
25 118
7 322
359 175
326 636
534 49
70 294
41 764
82 16
615 190
309 295
684 501
499 201
303 530
46 766
46 996
567 424
492 774
159 820
312 266
538 862
464 239
524 477
366 674
338 923
775 236
393 950
394 345
217 602
489 733
418 323
348 440
955 552
480 904
579 388
617 217
764 152
301 758
768 245
553 865
129 525
385 699
544 620
191 219
583 581
802 300
330 573
717 191
919 711
591 666
96 785
412 11
39 356
227 28
516 555
891 101
778 763
749 127
234 988
811 356
730 348
213 70
776 28
208 590
35 655
108 47
571 833
808 397
917 821
203 325
923 76
796 246
501 104
268 319
841 459
329 319
974 681
173 502
196 553
605 403
2 254
297 426
540 354
541 727
89 520
54 522
273 433
934 558
117 218
391 353
486 929
782 594
35 203
129 274
934 697
791 256
542 670
762 400
374 938
603 924
16 236
608 886
970 869
336 585
964 785
745 419
418 931
439 795
921 8
953 415
475 47
239 190
955 249
388 686
278 526
228 941
690 582
985 878
33 329
508 173
587 493
366 823
295 201
962 582
375 959
637 72
177 746
604 183
350 747
132 570
684 255
298 846
607 895
601 687
194 879
447 99
964 287
859 99
452 459
385 534
725 598
780 697
659 312
308 138
9 19
427 268
215 741
531 255
631 317
83 891
190 61
428 882
51 473
198 600
768 511
574 903
540 787
99 485
28 63
680 630
218 477
91 601
365 346
113 129
635 4
665 574
153 651
208 554
914 218
646 905
573 40
131 109
465 907
176 578
230 661
654 347
299 806
349 57
779 518
317 987
671 764
853 761
505 363
434 793
790 154
685 464
922 2
580 570
729 564
72 785
624 302
842 253
20 529
385 527
633 208
301 88
802 607
469 994
328 202
651 302
712 848
859 643
567 242
550 996
310 89
628 460
332 513
314 20
133 560
617 853
428 236
377 16
729 839
237 636
662 668
629 934
414 186
242 869
34 121
593 142
332 886
850 759
643 938
823 552
683 413
497 130
744 157
997 245
32 265
711 587
698 306
78 528
280 455
635 551
69 903
51 388
42 65
1000 453
632 425
716 1
826 705
721 413
703 261
144 512
166 638
939 499
812 899
407 185
571 792
147 740
257 961
503 577
143 528
386 999
574 364
98 61
425 795
961 889
818 802
168 51
666 734
762 135
134 295
468 270
244 885
960 174
173 335
581 338
448 882
552 104
606 959
975 110
72 781
73 468
845 686
126 151
538 54
743 83
727 590
639 899
980 219
274 154
58 467
740 806
7 494
269 543
162 373
381 127
92 246
183 297
276 509
295 435
632 35
558 271
430 642
693 988
272 620
517 702
315 718
2 16
48 451
160 525
177 673
147 505
355 634
281 579
393 921
301 512
776 727
882 377
774 65
247 297
234 692
787 310
463 323
1000 3
33 204
252 432
574 893
497 63
122 932
928 351
217 904
146 500
462 894
657 512
971 224
460 363
928 61
178 948
19 348
57 529
886 844
977 672
653 677
213 158
216 110
182 839
202 129
300 758
191 715
657 179
655 344
531 358
681 53
700 375
295 545
750 161
870 675
924 335
692 979
95 508
485 766
801 877
253 532
913 875
110 903
753 628
724 83
173 179
218 475
413 708
182 387
582 355
295 736
286 509
676 45
953 672
404 130
611 624
816 344
135 136
853 915
556 410
24 315
847 181
25 230
727 451
803 57
533 134
681 915
888 169
581 974
143 674
947 898
404 61
704 587
176 180
841 678
608 151
772 992
864 769
224 672
778 81
914 236
33 398
358 457
242 60
989 441
963 996
177 943
788 249
185 420
575 211
872 42
356 155
673 79
697 65
915 246
575 32
743 898
669 59
797 230
228 861
640 303
489 911
761 743
688 539
178 969
363 463
632 840
9 801
84 483
194 383
838 700
605 723
591 303
61 13
714 969
18 960
94 111
98 114
481 378
615 571
264 448
726 880
607 151
365 552
349 163
645 502
706 740
246 213
433 328
643 237
184 646
979 197
746 600
248 632
714 58
992 840
697 825
993 481
763 731
418 734
883 526
844 824
63 696
858 848
805 931
115 809
577 524
713 220
16 892
704 752
148 265
296 540
478 804
724 964
410 524
687 7
548 234
418 19
92 190
202 938
376 172
326 64
964 122
493 446
275 759
600 872
765 114
119 394
15 761
147 305
369 321
612 667
426 280
100 503
881 803
29 941
124 493
15 366
273 635
181 18
451 714
384 828
60 837
349 860
81 486
45 744
411 533
487 56
30 297
659 315
73 778
21 554
833 508
763 447
172 586
471 606
260 421
966 112
160 241
906 231
240 303
991 148
117 551
470 860
834 113
670 507
838 521
105 667
415 1000
52 950
60 393
103 807
355 223
230 985
302 442
937 249
408 969
886 180
305 583
89 472
678 128
760 529
619 920
710 369
558 131
36 983
480 201
690 84
467 53
529 210
487 398
783 749
143 834
495 899
978 347
176 673
709 473
361 363
220 186
990 434
261 108
154 216
961 728
926 602
799 232
220 41
721 532
520 713
741 601
353 648
124 589
348 133
367 411
10 266
928 793
871 859
699 661
395 508
384 75
99 870
23 748
641 21
392 469
882 338
789 774
144 485
423 8
225 769
449 693
780 719
824 423
539 844
497 129
627 331
795 663
445 786
982 251
731 313
513 750
259 690
728 523
463 690
800 894
798 665
412 76
197 133
63 332
612 243
298 359
843 897
626 275
578 497
97 551
977 699
762 819
30 961
847 638
504 910
140 420
714 769
971 239
681 216
576 802
577 31
961 888
545 633
126 404
257 625
331 416
539 71
62 720
746 513
874 602
801 832
988 454
934 996
244 886
5 816
870 998
671 723
728 955
253 992
235 157
989 44
847 434
382 644
740 802
634 301
27 649
945 142
448 994
36 404
927 18
979 987
607 735
49 34
70 504
399 722
555 856
77 404
732 144
825 276
867 927
263 144
214 582
984 865
533 210
318 736
300 411
664 142
516 919
778 186
634 848
229 156
234 546
739 707
354 703
336 94
962 318
391 530
468 538
659 371
807 27
590 345
494 370
544 689
321 200
583 752
250 64
554 502
863 256
722 704
265 257
438 404
911 958
159 933
807 889
895 436
688 719
801 288
216 192
734 646
934 68
187 961
95 72
839 443
597 150
959 531
691 337
505 230
88 954
866 249
60 288
349 930
965 739
787 936
469 500
451 865
515 812
257 556
511 105
745 905
841 446
161 796
149 615
449 544
444 165
373 249
526 351
486 808
287 297
328 470
326 193
40 200
581 309
201 57
37 16
301 14
479 953
253 885
129 421
899 329
205 754
156 414
211 353
763 796
267 19
965 200
72 185
89 893
500 580
439 817
870 127
339 389
984 974
34 365
567 53
400 527
55 449
250 923
90 948
521 639
683 664
745 112
694 43
812 482
822 143
755 216
955 554
996 150
466 693
251 969
342 480
328 558
959 115
47 533
69 973
158 406
455 208
561 657
568 211
108 267
923 184
598 98
153 806
92 823
18 942
905 382
869 949
412 346
964 927
337 863
914 244
697 228
619 183
321 784
359 376
18 848
847 679
960 457
689 525
463 174
856 10
912 364
469 633
337 946
799 465
946 7
253 567
514 323
904 532
667 867
279 377
322 924
144 420
406 507
664 667
153 154
140 944
586 192
555 787
2 945
836 776
582 284
822 303
715 957
222 671
81 793
279 716
664 764
384 96
591 151
243 61
188 650
893 75
340 829
186 484
381 151
661 69
510 485
354 773
81 626
608 180
403 154
105 575
133 781
48 283
635 801
552 923
578 647
985 703
347 422
901 409
265 127
982 220
365 54
384 603
976 485
886 632
669 30
198 526
566 398
244 108
657 241
184 239
901 187
985 458
553 654
330 817
866 589
869 600
748 799
910 58
622 768
145 140
843 117
844 266
666 550
872 914
779 334
269 227
566 859
292 324
645 344
895 271
689 869
373 927
700 949
939 708
120 690
784 771
876 153
36 976
862 476
295 453
705 263
66 731
35 280
917 666
793 868
885 22
903 411
463 416
486 67
514 214
7 375
429 417
158 737
140 852
732 798
25 649
223 901
280 879
188 584
617 714
862 522
162 367
418 965
382 274
883 267
3 613
877 768
426 584
867 6
28 976
233 66
345 696
115 34
315 676
814 718
681 942
73 634
517 745
874 790
612 553
323 254
508 34
238 399
954 836
846 206
565 339
7 840
47 751
341 910
598 207
427 221
213 324
293 764
722 949
6 275
890 536
372 887
946 726
30 661
962 108
850 965
146 33
777 355
207 696
27 302
28 29
263 934
217 76
955 328
937 331
79 626
226 898
544 483
304 888
195 901
184 498
203 446
386 882
334 932
522 550
139 662
652 534
434 70
640 937
553 388
131 58
906 553
563 223
526 465
175 173
88 253
822 824
839 890
880 105
655 293
934 906
277 637
408 708
460 773
870 532
122 292
987 872
73 248
496 275
480 214
740 860
693 950
787 989
624 253
718 539
794 43
102 204
361 326
306 449
328 153
185 752
508 27
791 330
249 189
851 39
891 762
488 607
567 163
552 392
148 882
59 904
503 752
100 464
391 73
609 495
950 216
1 55
129 122
168 512
498 315
465 450
12 401
175 967
988 954
682 765
862 903
332 950
445 550
46 592
90 832
839 849
717 293
315 561
190 447
301 638
517 606
220 626
441 907
891 399
466 718
215 841
53 30
860 386
423 188
65 928
797 111
863 754
935 33
773 134
92 790
209 385
673 18
966 123
968 626
454 941
610 591
976 429
161 727
824 17
485 363
701 469
807 151
209 675
329 550
612 317
100 595
843 61
221 737
26 497
689 663
317 206
579 519
655 346
967 404
538 383
747 702
791 938
652 492
545 516
926 611
179 770
201 990
115 640
648 283
23 141
117 82
843 488
862 404
830 758
317 513
288 777
550 753
701 891
595 488
516 461
417 624
842 307
572 904
373 395
250 710
548 97
474 754
702 954
832 660
817 64
747 259
548 240
785 738
881 789
499 202
569 592
104 777
266 56
531 524
713 401
405 979
500 599
406 925
12 667
668 288
60 931
955 557
663 852
6 441
798 933
746 506
195 368
684 750
514 151
445 1000
431 693
949 424
623 193
137 885
88 714
948 112
801 29
402 108
994 754
226 872
875 361
762 662
281 921
891 102
371 192
991 195
739 186
646 410
631 120
482 433
530 131
715 133
18 943
381 905
476 663
576 589
994 468
321 870
231 479
583 906
285 707
605 718
507 607
878 578
662 639
723 639
134 1000
601 95
340 53
992 386
822 345
862 86
918 843
39 933
191 474
99 185
598 910
886 961
307 341
808 174
862 481
757 213
215 509
785 130
82 612
301 480
675 687
864 372
6 563
274 792
580 592
463 380
968 306
163 16
591 112
629 173
315 445
832 833
410 411
676 978
527 166
978 38
335 935
543 130
802 792
309 312
112 806
629 975
465 10
613 434
31 335
896 204
474 488
845 807
990 772
595 960
584 47
34 80
314 448
236 640
82 676
214 361
145 797
840 18
764 191
926 218
913 204
164 997
721 830
167 242
663 567
542 394
639 898
376 347
217 853
242 256
351 486
373 602
299 331
872 151
895 741
768 498
80 101
961 455
47 104
235 742
397 331
915 498
648 151
730 426
477 864
240 15
131 176
387 218
78 155
412 703
788 484
454 38
607 100
681 230
739 436
31 568
548 434
424 228
176 581
66 681
641 909
92 681
187 327
156 602
253 986
165 644
867 566
548 355
486 64
325 462
738 313
158 180
461 702
155 772
118 543
139 134
802 602
514 70
254 79
666 664
704 376
387 948
262 320
45 80
671 940
880 665
484 327
525 727
338 441
489 495
755 964
607 879
232 263
945 765
758 103
987 233
200 229
788 494
789 915
802 94
768 914
859 19
988 757
627 47
169 651
573 941
298 801
100 405
599 941
51 747
698 334
486 605
117 886
981 733
733 728
636 330
989 846
114 392
249 56
146 759
358 775
493 996
995 382
465 570
742 665
63 796
735 352
826 716
591 972
407 325
247 138
963 621
228 677
70 641
108 332
182 975
331 247
667 369
322 494
565 338
437 975
334 933
705 87
909 357
653 783
784 578
584 884
624 897
400 187
455 735
94 37
979 417
83 340
815 654
362 175
334 282
481 17
391 388
171 872
254 318
182 523
329 69
929 340
819 373
847 271
748 448
624 254
456 320
789 386
266 524
280 686
995 617
819 663
987 521
795 265
81 582
779 261
889 214
858 790
840 309
159 47
828 718
645 896
405 107
245 620
512 567
324 125
343 307
276 504
372 353
814 888
48 119
750 634
642 825
167 886
208 365
847 443
399 855
86 642
56 977
882 485
310 858
371 856
493 277
609 532
242 23
6 466
734 613
727 124
17 939
150 989
779 24
782 450
324 576
753 370
915 223
574 864
631 369
78 627
924 791
281 787
484 782
639 858
87 483
15 70
381 642
220 768
955 863
578 494
891 93
10 511
808 631
27 567
497 286
734 441
501 382
504 718
195 979
400 505
290 805
882 651
259 334
170 287
281 250
634 712
476 547
5 751
389 576
526 3
175 211
307 459
1 692
862 123
921 587
459 644
724 376
282 151
249 88
179 429
412 534
591 63
143 998
985 479
289 762
481 705
295 669
741 957
978 289
124 913
438 175
421 947
698 851
880 594
475 342
504 754
77 438
849 421
810 933
430 562
414 471
343 471
771 530
223 877
963 314
385 364
258 656
388 581
704 590
534 646
133 791
427 6
945 709
930 115
721 30
182 864
372 650
649 798
333 289
347 887
507 18
368 764
100 131
172 752
873 901
527 398
952 804
658 299
34 753
678 814
756 982
260 83
887 124
924 234
268 582
342 819
521 683
829 291
96 937
423 534
515 741
967 85
682 455
302 383
30 799
824 591
499 990
571 19
245 206
467 316
875 331
586 266
895 772
142 484
680 843
878 562
41 247
826 907
17 142
678 325
653 847
491 103
213 514
163 898
533 739
330 302
349 66
26 103
335 19
908 73
276 922
896 641
277 544
330 433
832 979
250 616
621 928
24 747
296 624
978 404
245 691
67 719
762 54
340 601
14 798
663 695
386 385
171 669
713 338
262 135
837 753
749 732
564 603
510 634
869 49
358 574
250 203
399 200
247 322
419 646
738 952
488 483
329 929
73 783
557 549
65 879
601 589
877 776
553 978
844 215
111 432
259 603
156 241
748 635
420 558
959 887
52 945
471 953
610 999
648 152
652 704
763 207
871 766
740 757
303 648
111 286
658 64
731 922
991 452
743 615
970 193
992 521
464 417
602 532
914 504
572 252
404 606
352 263
995 462
35 282
309 935
240 716
482 521
802 762
413 649
586 147
514 212
625 767
440 793
516 634
352 101
675 475
12 14
353 653
193 996
417 424
56 728
288 814
756 5
443 380
686 296
405 430
451 153
289 854
978 288
440 742
775 18
979 655
30 223
865 36
659 525
698 109
493 415
797 359
603 440
531 583
641 155
522 853
717 400
259 776
538 517
81 438
820 943
488 432
471 281
954 821
703 978
206 734
65 986
753 254
858 137
986 66
950 681
38 823
720 154
152 25
280 459
748 712
432 646
851 130
510 963
95 947
705 667
63 337
545 50
532 296
97 922
238 969
62 155
156 68
531 112
201 629
941 851
958 337
264 189
913 208
715 76
881 164
777 97
848 939
891 783
105 918
549 973
474 872
183 579
809 16
826 926
576 805
406 486
762 16
601 406
786 256
183 752
663 202
921 543
44 666
504 879
424 648
69 249
197 436
242 630
163 380
606 16
808 103
183 865
850 478
430 202
897 695
970 967
310 364
314 867
10 632
69 27
555 972
760 382
10 459
230 102
250 672
949 764
337 364
854 843
214 746
987 470
492 904
733 198
310 57
383 989
663 767
633 466
147 396
958 580
816 109
160 513
591 510
980 839
534 918
59 566
462 561
227 497
543 264
86 877
659 263
347 371
241 212
873 799
952 490
657 786
522 900
463 738
62 471
161 963
104 735
886 934
668 365
584 548
368 447
213 841
167 411
155 499
230 789
289 819
416 773
331 146
633 630
481 737
833 116
520 256
160 282
511 901
334 561
912 259
126 439
821 765
454 510
390 504
918 297
999 150
139 983
297 450
184 965
376 453
174 120
527 700
969 80
274 818
261 796
561 270
871 41
698 993
970 842
111 660
884 916
461 139
921 55
867 815
452 175
381 31
219 172
120 499
665 58
87 908
387 796
855 379
233 24
250 934
414 103
113 626
33 396
618 397
711 745
640 150
162 230
950 375
484 973
565 932
570 842
167 121
223 288
780 656
119 243
414 547
218 160
721 319
134 418
288 30
311 1
636 189
32 19
195 545
125 672
497 313
946 510
420 770
821 910
146 246
350 110
978 815
445 426
655 267
877 359
40 796
524 630
838 338
783 503
752 31
329 290
628 898
891 357
245 126
338 432
943 253
726 743
965 853
1 512
308 900
883 756
991 641
597 890
637 829
2 313
783 661
400 930
443 4
927 318
50 862
13 298
747 66
98 748
36 157
534 244
899 281
426 33
46 466
372 714
953 704
314 906
685 137
444 537
747 336
141 599
885 518
849 384
543 140
25 821
513 169
586 929
961 525
918 7
811 588
689 424
831 802
146 997
717 282
962 579
447 25
929 266
177 749
967 726
452 417
721 1000
872 364
449 685
964 260
949 232
639 895
926 485
110 172
20 156
169 574
210 304
30 301
879 605
587 592
345 285
886 716
578 309
303 412
752 736
55 795
489 202
273 810
695 811
22 751
955 902
173 785
999 645
468 819
913 346
92 871
754 308
652 705
155 443
674 597
969 579
416 845
417 472
401 31
774 539
848 960
577 134
886 136
189 88
819 193
624 871
342 574
951 964
255 459
260 598
688 1000
643 188
918 358
26 166
870 623
780 323
800 385
362 286
223 685
495 542
480 205
478 456
207 138
210 858
706 631
213 549
36 34
60 487
743 213
301 450
283 603
512 783
395 133
452 946
456 108
625 766
849 706
899 896
867 649
561 342
447 633
619 472
439 197
520 717
709 231
870 945
911 915
559 549
959 972
127 551
129 140
348 304
426 454
396 926
609 669
990 777
483 408
772 108
555 316
869 84
176 463
711 689
198 780
385 629
33 59
696 869
18 305
881 287
648 968
578 281
483 199
429 339
675 787
878 60
130 774
935 143
223 137
703 179
192 627
445 159
911 934
750 250
398 15
200 818
217 309
811 274
778 681
735 243
203 34
269 179
416 873
259 485
209 870
283 507
412 669
753 865
607 90
790 494
518 953
754 529
317 792
710 337
966 239
588 693
684 820
352 693
773 665
524 653
463 99
691 477
196 622
879 463
914 477
473 699
150 107
888 726
357 573
31 828
839 917
680 34
222 236
899 448
27 653
987 523
862 729
130 142
461 672
137 890
407 606
605 242
872 1000
101 282
67 646
182 117
132 842
98 860
379 253
907 40
929 464
512 696
271 641
698 159
609 328
756 332
462 276
245 908
103 546
720 458
665 383
194 801
637 11
986 261
87 953
337 815
263 451
391 526
324 563
660 53
823 523
493 164
275 17
869 523
488 74
393 126
105 420
17 570
952 491
925 164
612 445
669 82
998 646
432 675
180 1
308 510
117 618
498 988
725 363
835 487
378 134
416 919
993 425
492 130
934 489
994 348
556 571
703 292
942 996
355 138
504 720
588 100
402 297
579 635
467 437
624 848
37 75
790 539
66 443
541 427
667 125
615 611
725 175
965 880
32 948
605 393
677 12
2 276
79 998
980 83
981 390
912 147
417 811
718 715
97 3
379 71
893 639
895 465
422 857
895 45
224 138
392 966
460 103
453 351
844 864
819 610
586 827
352 157
261 573
727 478
345 836
396 576
219 175
400 515
186 28
357 21
934 700
486 507
971 793
516 992
495 123
668 799
81 211
121 690
195 87
507 345
806 693
648 271
630 937
702 618
99 563
362 607
842 837
147 137
925 417
483 289
581 568
530 570
677 825
310 582
60 813
481 832
565 980
379 97
381 563
264 905
691 610
484 812
804 771
881 432
458 451
134 562
449 12
322 306
757 754
146 100
458 338
313 557
846 705
121 475
597 197
401 50
352 928
388 328
122 22
257 659
978 959
580 927
219 802
770 979
370 911
279 151
28 405
856 14
279 629
624 90
785 573
143 964
918 458
369 689
813 672
351 609
837 443
415 85
644 605
211 400
53 498
413 596
72 842
770 23
148 423
186 222
224 5
97 265
633 175
85 972
493 779
434 544
438 56
45 816
496 873
971 924
443 338
619 285
806 53
862 947
55 457
561 100
944 108
413 231
146 994
864 179
833 804
545 794
335 710
263 357
711 831
997 74
307 570
570 252
593 531
566 352
53 83
826 469
369 422
934 180
359 839
195 766
646 866
832 298
128 129
237 504
322 614
921 965
593 352
688 572
47 779
982 434
14 64
17 300
511 894
592 152
170 322
227 399
464 555
104 450
477 811
705 72
220 276
853 48
160 323
74 393
740 582
652 544
672 494
800 275
468 129
965 749
145 418
455 645
24 781
270 603
897 568
516 326
370 770
975 227
378 741
969 414
628 645
595 308
444 472
106 171
444 591
304 250
810 1000
501 871
49 138
286 329
719 505
876 601
941 403
871 854
486 304
949 952
608 118
665 497
499 135
111 137
654 955
945 404
902 401
760 800
724 699
817 367
431 923
349 778
47 747
898 667
848 466
975 923
232 193
858 151
772 731
976 54
561 588
782 404
288 230
894 984
588 355
551 105
990 539
522 881
262 572
892 233
472 228
476 820
866 396
190 850
856 650
375 370
342 488
820 493
492 46
316 796
729 45
503 430
204 969
813 949
902 654
691 489
337 853
252 989
153 538
361 927
89 680
655 871
478 282
526 324
767 121
834 178
109 742
883 687
934 537
577 316
121 232
974 901
975 116
266 972
268 178
453 378
476 13
538 48
300 227
947 630
70 509
576 274
150 293
84 553
983 943
505 980
950 220
128 771
699 92
497 612
336 678
558 273
724 482
104 642
505 837
418 84
437 168
24 451
358 666
788 397
203 679
862 794
116 920
579 256
119 459
345 442
440 482
354 696
850 725
299 89
119 376
389 197
820 909
252 95
641 747
174 287
777 62
151 530
523 423
585 1000
531 944
664 335
367 604
498 989
958 899
155 324
542 336
700 351
178 991
251 255
409 289
554 386
705 790
541 136
642 878
528 873
393 424
86 303
288 210
625 31
570 744
130 525
94 234
576 613
667 350
151 865
212 369
269 214
911 859
322 608
951 527
700 269
356 775
472 316
643 247
572 311
369 644
559 43
266 654
691 227
639 249
662 800
849 879
727 778
486 956
895 464
789 419
737 978
474 591
257 227
938 945
850 226
651 287
463 277
871 184
215 436
560 873
12 290
604 388
625 999
871 926
488 861
486 504
776 987
655 514
879 480
755 46
829 779
290 246
228 150
756 652
445 627
137 418
597 162
358 992
924 129
60 814
977 826
225 957
303 223
589 397
793 864
220 880
811 447
392 602
506 357
956 583
848 184
479 106
199 91
346 701
48 783
847 908
32 698
635 494
529 317
862 203
809 989
683 564
575 738
101 955
545 587
500 557
993 281
791 970
406 428
417 837
964 156
862 485
477 25
600 20
996 910
499 366
460 984
582 119
107 218
361 958
680 251
883 532
993 84
996 797
262 996
487 326
223 527
993 197
576 299
853 335
262 344
979 918
15 944
343 263
720 742
943 672
837 365
860 2
292 598
833 906
764 614
727 338
505 893
733 957
629 636
358 534
593 244
197 736
118 382
497 782
996 288
890 815
357 547
512 399
15 372
146 645
384 818
920 996
598 998
953 92
419 792
635 707
707 461
194 8
90 457
218 130
735 507
384 592
702 240
594 551
958 94
119 70
602 44
914 234
795 943
869 754
999 647
247 162
565 201
35 882
515 572
200 871
352 990
23 269
415 615
307 102
243 952
192 934
999 613
156 769
506 202
752 174
883 948
577 53
1000 940
396 457
876 7
149 553
278 135
308 155
818 904
624 71
274 598
904 615
886 475
300 986
136 523
196 667
396 486
287 236
880 800
260 660
300 873
338 180
931 985
608 698
291 118
569 541
457 834
774 641
311 770
957 533
846 934
694 347
491 764
845 997
3 616
353 755
46 718
328 943
423 288
923 824
340 862
159 506
941 692
194 987
360 495
750 700
841 608
91 65
209 254
601 652
817 511
727 84
124 15
108 900
177 52
111 243
288 17
303 461
453 908
864 557
302 655
653 256
820 200
200 677
99 441
83 796
657 541
506 413
658 366
472 229
574 938
960 761
411 51
2 492
679 490
703 480
407 39
84 144
431 173
537 786
114 987
409 391
837 608
969 351
566 939
448 268
95 62
960 54
336 525
288 627
823 413
625 446
940 607
300 958
616 711
89 585
36 64
738 358
975 119
558 197
743 251
853 535
947 462
35 136
474 616
918 221
975 484
957 569
616 308
429 384
567 190
163 44
441 466
794 470
85 899
200 39
663 760
650 649
154 984
475 108
258 522
559 936
11 206
399 435
254 984
828 927
980 834
528 896
648 79
741 59
446 153
746 387
51 715
379 214
910 832
592 805
360 233
33 197
750 442
809 548
238 142
61 687
725 760
816 684
564 314
359 910
438 767
622 995
517 29
886 980
869 522
658 485
456 853
915 302
518 633
80 405
725 75
1 799
666 639
735 102
861 147
290 123
100 559
140 326
535 335
155 836
444 204
908 835
686 480
2 274
610 127
424 160
614 607
61 309
300 531
474 810
187 387
644 973
687 342
429 194
250 481
884 864
25 461
462 186
927 468
16 248
831 648
157 585
893 863
513 465
159 156
399 188
606 591
530 903
16 565
950 40
113 631
310 139
944 209
466 909
711 853
547 908
911 439
567 465
720 424
437 84
315 592
209 181
582 758
284 304
820 866
403 98
940 459
814 356
7 540
966 14
985 726
408 999
878 11
858 366
276 579
995 301
333 686
658 295
470 265
199 197
38 205
479 85
987 880
341 20
548 998
701 500
294 938
27 237
739 14
904 985
152 798
839 27
239 959
645 366
924 315
853 395
106 512
930 900
347 430
581 497
510 814
819 388
89 743
967 260
680 990
115 611
957 302
835 942
895 102
918 443
900 594
44 492
80 957
580 718
690 58
712 606
196 311
213 767
641 582
24 576
296 741
168 114
617 583
581 164
653 279
289 620
732 816
325 358
366 626
629 168
540 454
577 517
797 972
49 108
250 743
489 101
570 326
702 859
392 706
512 755
615 299
211 609
803 421
751 347
590 991
235 318
573 787
525 912
983 180
169 658
223 611
760 885
299 19
670 38
547 825
15 375
91 149
989 756
703 954
427 247
798 906
765 365
214 221
108 560
490 984
77 875
63 716
171 234
582 349
617 334
375 74
380 316
308 1
544 767
247 12
449 125
485 663
839 328
986 140
273 815
381 838
57 880
900 220
961 474
436 284
498 629
209 750
653 661
88 969
195 943
87 645
164 422
614 308
402 367
352 590
522 524
431 136
883 951
610 197
45 630
818 822
50 396
268 475
676 424
770 427
18 686
39 836
361 402
859 703
325 151
418 539
321 12
529 203
110 838
53 969
349 418
296 818
414 393
784 39
901 958
934 733
22 507
346 451
343 693
14 847
537 482
497 749
439 198
25 54
922 300
768 730
111 830
96 237
629 829
760 68
962 640
306 648
555 531
457 524
811 941
777 749
941 290
923 827
599 842
727 369
380 924
256 12
522 315
923 936
67 90
712 133
695 324
683 260
42 644
482 18
599 936
11 387
565 872
12 856
897 422
997 253
985 669
950 685
497 11
886 559
935 956
299 285
1000 446
892 116
535 870
440 149
952 48
899 619
916 587
520 276
632 792
856 652
53 504
391 628
866 381
791 926
370 361
83 637
779 921
783 266
106 716
643 511
221 663
158 29
813 947
664 861
834 334
908 969
71 373
532 761
352 559
219 769
387 74
195 110
680 775
519 886
187 265
616 697
896 815
490 330
190 631
787 666
370 804
921 396
852 498
693 478
831 774
279 447
102 198
158 692
503 925
948 830
111 636
629 255
906 570
676 896
254 108
241 819
756 246
764 713
289 645
751 445
880 698
167 907
796 708
727 420
586 996
196 570
493 494
96 376
752 992
656 762
593 253
822 11
721 932
677 53
725 820
617 91
289 80
664 4
726 454
181 83
128 321
755 370
294 338
332 225
777 884
320 761
854 378
88 581
30 360
12 979
877 827
534 840
901 475
740 117
852 655
318 39
545 97
530 503
750 42
47 860
549 570
161 745
352 808
737 832
190 844
40 496
564 89
216 199
31 729
285 761
71 200
903 789
827 446
35 619
663 87
311 494
539 139
425 895
947 158
828 171
500 340
779 634
16 475
917 619
481 161
141 333
954 480
776 564
542 683
376 56
439 153
852 374
780 251
307 701
107 713
798 467
528 243
552 761
127 619
771 537
702 783
53 194
708 484
727 328
654 966
570 389
833 387
168 881
137 710
986 373
698 33
203 581
77 100
133 786
154 735
233 830
695 396
366 2
341 832
164 975
312 186
333 732
712 443
215 728
492 451
521 155
180 224
626 112
990 721
80 340
763 73
794 388
269 278
715 976
548 999
593 650
668 252
824 922
449 178
821 906
59 84
52 760
53 673
170 655
362 407
344 182
142 489
456 592
37 253
3 37
546 606
779 900
410 33
308 378
181 756
148 733
754 720
849 824
773 602
925 783
875 108
268 22
876 195
879 876
917 655
922 55
761 5
979 186
88 473
987 711
823 373
590 608
809 415
336 947
758 938
210 916
121 279
158 652
140 943
399 738
305 249
243 778
611 741
150 483
832 758
673 694
325 537
140 653
533 162
310 229
827 461
353 582
854 998
391 796
94 955
871 525
217 524
203 609
898 515
276 147
301 576
142 764
720 292
225 878
389 45
158 362
473 340
401 471
441 822
668 435
86 24
802 329
933 561
384 594
114 497
501 543
907 910
164 705
844 35
80 304
852 566
193 119
711 269
860 789
972 255
61 952
587 400
515 591
955 345
790 599
762 918
195 831
933 117
883 950
187 639
482 177
896 981
198 29
491 37
928 715
667 38
391 414
196 630
14 643
30 31
145 304
74 150
205 960
61 380
253 980
700 21
870 845
338 178
417 577
730 692
17 839
339 972
874 34
237 738
272 490
951 170
989 275
37 678
582 386
953 450
464 773
833 916
46 575
765 189
802 169
399 277
661 98
602 567
103 651
470 138
966 783
721 968
258 838
977 102
391 561
712 277
877 709
473 263
627 418
848 469
955 619
744 134
413 411
968 974
588 271
989 840
740 82
812 711
741 231
798 886
894 991
971 366
934 374
648 859
88 648
270 94
551 507
102 438
445 12
284 142
565 299
382 697
369 818
475 146
527 227
143 746
922 683
139 655
752 204
125 885
784 904
95 370
631 860
688 904
943 192
231 370
566 368
930 973
148 806
848 718
795 457
461 525
782 753
676 348
532 984
746 664
103 5
676 163
839 913
474 967
130 27
974 904
22 21
170 776
362 16
804 79
990 406
150 329
832 784
317 728
395 50
848 74
310 387
646 553
638 247
703 68
689 411
263 136
890 573
215 243
72 99
318 34
955 312
3 727
557 164
389 306
375 969
730 744
858 421
346 241
309 491
883 10
976 856
775 130
264 548
390 164
985 990
267 939
416 38
931 384
39 417
384 845
526 687
449 361
312 159
350 571
995 418
868 956
7 570
704 624
26 772
652 976
636 39
817 763
657 622
488 335
861 93
968 633
701 602
167 257
960 569
209 523
10 508
658 336
531 34
398 239
721 496
622 848
832 402
106 667
368 944
447 684
814 401
317 199
185 373
397 111
183 674
365 571
593 984
334 570
425 894
300 638
65 263
252 851
753 658
11 578
107 29
793 692
475 191
461 542
85 905
814 77
749 904
187 99
486 157
763 58
429 371
881 782
736 119
202 959
96 150
102 860
271 737
399 476
717 369
111 998
607 941
920 237
849 185
392 518
345 618
740 317
935 271
783 260
161 72
574 548
591 590
719 517
9 364
63 33
854 276
416 378
53 123
702 328
649 348
891 273
503 47
694 764
494 278
170 72
479 198
750 199
74 556
131 447
994 653
612 44
960 517
897 539
263 854
566 597
798 181
207 633
273 99
387 231
498 734
507 596
890 241
791 854
957 74
562 698
356 855
785 89
747 562
424 15
779 903
212 118
107 104
32 366
672 676
469 754
206 511
908 71
396 435
839 601
41 548
723 64
561 301
770 19
419 227
992 175
862 92
258 319
442 64
873 380
102 30
893 865
270 890
275 544
202 576
22 319
971 688
980 567
893 978
932 690
129 187
578 842
478 956
872 691
603 293
15 257
897 190
445 690
860 482
158 73
881 532
864 806
843 592
733 26
238 106
55 624
973 205
480 942
411 748
319 943
565 899
219 331
661 400
216 499
997 728
242 34
892 193
648 783
242 394
26 751
747 848
30 579
35 887
472 187
491 361
520 457
985 67
91 704
434 90
398 186
274 691
9 550
411 374
749 268
408 592
74 4
737 716
282 201
897 572
680 956
239 691
774 858
405 269
614 613
481 127
923 320
387 618
753 555
341 804
719 234
595 312
374 541
175 612
892 986
24 606
421 996
390 381
339 359
505 595
325 344
879 925
279 635
184 971
732 133
76 673
2 796
690 657
855 329
50 560
811 943
462 317
138 95
893 103
306 793
3 779
777 636
461 251
559 774
432 975
646 910
663 804
545 377
911 286
227 818
80 96
946 895
853 970
360 240
158 752
898 774
151 522
480 825
941 996
213 317
765 736
845 293
369 215
141 512
522 893
754 171
226 811
209 703
36 568
790 641
97 574
633 604
616 270
744 835
670 623
680 747
398 818
644 78
596 455
27 68
826 713
106 567
360 731
344 192
734 461
2 410
644 989
866 93
278 311
596 310
541 627
75 961
213 595
343 900
753 582
719 345
116 258
657 376
948 649
915 494
135 777
905 890
102 196
45 28
11 916
680 325
333 957
918 835
505 984
641 430
751 447
736 108
465 58
29 729
984 874
806 819
238 337
310 162
257 470
79 482
738 681
522 330
814 754
820 619
113 729
140 494
152 427
551 681
357 478
254 827
578 483
682 519
169 744
367 789
25 588
501 771
600 984
472 4
739 603
260 320
975 891
248 634
506 730
307 999
697 51
971 444
55 809
96 678
192 549
85 294
503 251
521 689
612 9
123 460
450 788
217 7
181 740
865 883
972 177
668 90
801 319
473 222
187 984
424 502
981 62
268 703
307 419
886 204
796 229
134 772
692 822
508 907
112 136
517 333
576 775
938 658
36 796
139 571
931 551
35 506
622 546
292 491
629 270
574 385
957 263
419 630
231 230
589 912
700 111
3 233
870 955
758 465
987 765
415 124
71 526
989 7
921 287
637 629
214 814
859 551
490 78
897 774
607 633
166 881
120 63
796 728
853 921
638 129
289 566
783 962
157 503
340 947
167 902
557 118
922 405
71 266
548 335
876 812
665 429
262 45
484 149
655 526
253 432
331 601
665 350
478 513
935 415
665 719
850 693
688 344
564 507
157 59
216 617
307 594
824 360
255 776
73 788
167 120
77 836
647 696
595 763
190 189
302 859
846 552
579 175
930 479
168 229
18 133
579 828
263 849
695 798
476 760
114 685
524 834
75 218
312 760
701 354
189 78
482 56
749 406
933 279
936 333
592 479
26 477
174 845
153 351
970 212
187 413
79 848
601 464
640 788
184 656
121 59
206 522
219 706
865 180
663 121
116 378
387 674
597 757
374 566
585 213
785 267
783 768
609 207
274 784
168 275
206 367
44 382
119 986
357 961
193 864
998 380
418 839
737 99
650 618
665 111
519 380
443 361
580 382
852 116
578 240
699 152
116 830
897 705
15 594
915 608
516 961
404 475
524 500
372 936
495 267
262 920
925 248
85 305
553 825
475 464
445 915
872 481
946 856
826 478
668 397
768 347
772 371
43 809
213 393
367 656
501 398
509 150
201 578
643 631
460 421
192 779
138 673
179 55
221 688
957 252
332 267
765 799
950 985
782 248
365 625
437 868
864 416
98 44
192 41
264 486
731 768
183 741
365 514
331 446
724 447
601 300
74 148
37 352
115 576
760 395
761 182
524 886
282 121
856 158
568 530
400 900
438 844
436 631
983 672
171 74
953 885
510 114
918 53
335 877
11 875
225 339
851 131
484 504
710 698
291 344
149 90
940 955
46 722
712 938
894 438
954 107
115 45
44 23
157 336
54 216
208 264
154 738
937 130
358 578
825 879
220 615
968 865
902 180
464 448
859 201
534 931
480 826
152 213
51 401
843 861
881 482
368 315
868 395
78 654
51 12
375 472
436 332
313 511
557 804
446 317
515 540
741 507
365 307
701 313
350 153
20 76
515 685
53 630
961 197
467 268
140 350
674 738
714 823
678 218
554 860
256 951
740 615
300 660
530 73
526 478
566 943
861 981
623 810
956 79
334 591
170 980
923 190
616 700
156 849
255 414
352 314
614 518
452 552
982 782
644 643
115 973
577 672
547 344
415 40
499 475
693 863
491 591
475 322
850 844
352 247
263 117
983 938
812 466
570 381
825 420
223 881
793 26
613 441
816 149
67 285
158 996
231 534
148 186
958 591
928 575
229 49
272 993
842 728
898 598
777 927
318 377
605 833
626 790
446 245
590 133
116 532
906 204
726 453
786 614
218 36
626 873
955 649
133 989
150 981
85 436
806 508
294 160
207 833
613 974
946 104
364 796
426 164
294 51
562 803
891 85
844 101
167 400
61 909
958 485
881 232
274 470
458 139
616 363
49 990
639 561
532 553
917 805
661 907
957 36
421 986
708 895
911 727
553 495
863 206
576 792
445 990
763 490
675 604
433 345
62 852
516 372
956 83
385 649
892 829
643 11
224 273
631 556
595 258
153 795
14 1000
866 819
525 420
504 112
783 860
326 985
186 196
225 298
961 670
581 93
468 766
651 771
785 584
257 23
205 377
847 190
854 878
716 843
625 922
685 64
516 390
819 774
785 874
874 171
759 980
650 312
134 89
799 298
525 616
133 799
433 101
194 799
67 23
413 63
750 376
43 46
121 918
315 98
218 56
819 719
351 356
617 342
657 703
802 288
752 763
661 491
609 810
194 391
181 854
479 81
373 766
969 991
821 870
611 366
576 296
155 468
533 992
571 149
661 830
296 286
904 989
9 703
13 159
491 429
184 435
922 737
762 992
28 380
880 91
148 873
611 221
903 651
979 353
766 571
213 921
554 935
390 629
410 95
230 372
505 347
123 900
988 384
554 566
59 380
248 179
563 828
802 732
209 677
841 162
749 985
40 351
850 304
874 186
547 272
31 131
830 246
145 516
383 700
149 980
935 541
79 151
29 638
581 49
396 659
435 847
149 69
551 667
429 341
380 773
680 429
20 982
8 822
560 195
120 314
10 171
438 496
175 902
414 74
862 167
292 674
729 36
125 168
608 334
510 610
871 671
967 604
355 780
46 883
929 109
603 114
675 893
125 906
53 93
915 174
204 31
939 84
946 640
996 3
967 898
125 635
406 918
354 351
942 836
544 755
941 783
104 298
40 562
739 880
423 688
977 571
373 722
530 333
194 389
880 266
165 230
406 752
744 873
522 382
982 295
990 907
430 357
838 294
960 233
89 293
821 540
990 125
648 510
875 303
418 186
658 203
258 221
46 164
197 472
383 493
24 898
496 719
27 777
653 85
144 107
219 545
202 305
679 769
611 983
529 856
54 669
544 206
366 675
644 575
159 50
514 95
845 527
183 168
810 978
372 231
444 564
798 415
637 685
283 894
858 682
984 993
822 257
762 861
889 932
530 952
90 963
718 193
276 92
774 311
940 75
724 594
51 980
7 813
229 109
971 692
366 78
369 282
479 981
678 573
881 647
976 157
833 548
542 92
502 649
825 955
357 264
950 673
609 993
958 236
704 987
621 334
678 799
365 16
354 355
967 247
934 452
611 345
459 36
62 131
999 678
715 247
734 657
754 339
187 958
995 394
946 385
639 540
415 582
459 770
868 430
844 695
308 150
49 659
175 183
896 948
549 70
308 980
135 613
373 234
525 221
49 381
966 384
608 748
173 212
999 72
435 745
475 468
334 409
391 50
516 725
663 646
261 706
745 359
546 624
909 514
968 450
435 903
188 725
798 266
360 274
379 542
675 221
694 171
586 992
661 18
990 569
439 964
707 744
137 686
86 667
90 854
362 723
114 500
976 859
168 808
668 673
116 998
930 100
882 365
973 2
992 945
426 199
688 190
781 975
638 694
342 467
90 104
346 30
919 833
26 912
66 65
856 991
412 133
103 910
521 355
83 846
374 706
403 299
96 791
744 899
545 214
503 362
334 209
973 582
652 852
981 75
564 37
985 8
416 797
145 177
541 925
187 986
973 727
170 260
227 461
29 307
520 18
9 531
601 73
235 967
95 339
80 680
465 958
264 447
965 889
207 653
52 518
571 542
331 633
205 901
886 260
210 797
339 195
737 980
439 100
597 576
528 457
927 467
344 538
885 325
672 1000
866 530
873 278
548 250
219 164
572 736
684 490
319 321
581 894
698 207
529 723
756 500
261 472
229 84
711 848
489 319
328 891
664 245
574 192
43 144
228 156
101 106
633 516
967 635
876 972
864 908
409 151
846 780
445 909
321 391
506 653
512 40
593 83
632 519
137 53
856 955
968 521
473 493
950 617
275 163
759 283
678 807
146 460
791 540
77 676
47 892
675 152
304 939
948 152
108 397
282 990
434 181
933 93
661 942
387 121
210 588
914 378
131 192
504 689
496 341
672 328
208 291
268 387
767 449
540 225
443 943
944 584
407 840
446 822
628 197
72 915
251 866
606 976
443 28
740 798
78 290
827 882
520 586
405 456
23 905
172 325
136 883
174 271
512 938
571 137
166 915
211 262
563 733
561 892
382 509
996 633
615 209
853 812
604 102
567 18
401 911
128 193
418 248
984 804
110 346
347 100
383 866
280 171
546 154
711 820
414 218
497 768
189 714
986 452
422 336
812 328
261 222
130 430
91 793
916 350
220 931
81 355
688 469
906 276
341 209
747 946
307 801
536 809
789 569
812 622
745 781
817 768
711 376
491 186
739 523
753 130
811 302
886 998
433 676
929 831
783 140
298 768
352 980
905 310
711 158
344 120
492 80
990 979
61 37
498 705
84 378
346 90
909 375
325 880
614 516
1 858
255 499
2 437
178 82
553 38
923 212
46 165
247 764
50 24
912 323
35 436
473 679
221 449
650 859
600 246
430 183
242 160
335 254
27 697
980 257
13 326
822 740
804 87
535 770
457 836
480 35
244 4
707 676
803 153
987 596
749 845
788 547
456 12
257 45
497 736
974 850
332 127
656 222
492 925
951 166
880 844
917 498
354 986
81 882
561 40
138 459
326 704
276 93
793 173
208 379
779 78
837 732
968 133
474 466
600 848
394 179
966 771
973 29
370 50
496 949
891 508
836 299
626 835
756 706
540 567
693 223
252 417
569 481
952 471
595 693
892 113
252 272
713 770
643 695
19 113
851 48
173 988
104 263
584 561
948 50
161 704
215 525
795 897
354 211
796 510
857 248
218 386
716 133
882 669
530 273
649 196
63 515
818 757
279 582
485 872
454 233
679 480
921 708
204 960
468 61
184 620
79 869
464 812
856 94
710 329
378 814
142 92
960 12
176 539
619 769
692 627
987 869
218 966
297 493
979 137
782 612
508 695
543 322
336 992
348 575
908 10
940 891
119 924
84 705
802 628
514 32
96 31
495 137
22 267
794 464
12 309
968 451
860 81
788 694
71 986
258 661
78 18
923 877
582 482
380 846
622 879
310 161
918 928
445 646
232 365
529 647
380 957
402 699
371 802
944 186
267 943
125 879
362 611
403 223
212 853
284 298
214 175
180 491
320 766
377 899
798 967
213 365
640 417
592 938
639 844
402 127
555 79
294 49
170 483
557 757
542 347
194 509
35 931
889 525
734 739
807 877
773 941
24 458
961 389
18 824
397 393
610 932
868 508
563 358
933 184
113 469
773 847
5 725
411 180
981 172
451 849
362 444
435 264
899 249
797 27
444 202
853 354
770 886
679 746
477 14
683 751
763 605
247 676
984 414
880 799
952 764
202 487
493 378
884 767
956 220
27 752
945 341
159 419
861 217
992 808
809 422
296 783
171 909
228 714
466 67
814 506
394 122
177 397
965 188
573 27
419 344
811 714
297 884
689 42
874 102
718 143
385 201
224 863
8 796
279 813
211 587
344 304
768 822
112 900
464 221
525 614
674 416
397 775
987 43
128 4
313 8
154 484
872 377
926 90
594 282
247 256
157 56
163 667
475 669
209 329
639 915
551 89
484 978
462 820
496 112
472 820
180 237
261 224
204 219
118 305
28 41
731 746
834 145
709 771
530 246
91 760
386 670
494 743
922 636
904 991
692 558
635 487
874 853
302 282
394 993
779 944
614 787
733 326
463 781
732 714
643 331
457 508
810 440
818 927
856 22
452 784
197 482
624 82
383 459
619 201
70 131
199 549
202 283
486 901
560 697
723 215
706 923
582 110
434 758
439 75
671 812
940 765
770 134
783 946
632 566
989 153
421 861
874 203
716 794
223 826
611 992
11 46
908 304
965 289
785 699
181 466
280 61
776 898
561 156
764 637
765 148
158 34
992 368
495 423
78 245
814 553
836 417
461 660
178 583
756 376
800 530
752 827
289 19
381 397
897 348
631 493
744 175
928 438
474 128
275 81
368 345
670 202
870 213
554 640
342 139
472 829
91 905
114 490
833 376
389 202
228 358
786 846
330 722
517 206
262 389
448 265
411 959
899 898
331 196
938 932
133 326
373 833
853 87
692 203
352 580
425 920
946 362
583 99
18 793
222 9
724 331
874 728
430 474
586 340
14 277
731 773
849 910
304 517
545 729
822 987
454 319
331 512
631 661
616 722
391 298
84 968
123 930
781 94
607 412
793 880
700 620
426 907
597 662
466 120
413 671
784 29
822 741
897 722
201 253
849 569
223 65
139 179
289 514
733 71
827 14
3 448
261 748
33 517
604 468
55 492
242 693
261 637
674 262
755 977
439 994
899 987
686 417
546 332
110 375
220 755
257 383
205 470
560 112
869 202
962 444
289 78
20 202
812 852
8 562
393 450
413 485
120 274
218 79
84 323
21 736
575 137
963 939
782 493
160 844
401 4
440 44
5 60
794 851
155 707
415 837
217 958
825 191
700 829
540 726
136 180
941 881
325 672
476 780
423 579
501 367
748 992
89 101
770 734
333 850
191 723
985 163
640 514
553 359
75 231
207 418
192 921
601 115
527 799
558 899
961 843
674 474
507 641
187 271
409 313
136 607
545 741
965 788
396 17
391 231
2 184
81 657
680 857
945 296
304 432
101 925
16 4
550 705
990 264
495 938
7 318
210 966
657 269
932 385
419 46
594 864
685 183
64 655
361 451
253 213
272 444
383 630
976 672
991 887
609 742
864 21
975 259
708 398
432 129
626 563
642 780
147 406
371 948
869 157
444 824
379 385
840 109
732 395
812 499
501 926
45 476
746 379
732 314
475 771
243 287
638 692
708 834
433 944
765 303
803 558
678 686
492 469
816 675
911 28
859 327
365 242
534 829
169 799
761 725
281 905
781 512
467 8
329 68
312 881
645 81
60 471
771 125
530 147
911 818
345 318
916 996
296 293
26 594
426 982
31 711
259 456
353 293
308 571
788 819
616 524
784 808
966 192
948 587
862 497
761 130
28 569
692 592
292 102
274 921
738 146
453 235
999 25
858 991
359 805
961 738
528 459
858 846
42 883
849 513
836 793
803 80
214 983
297 891
712 471
546 402
818 399
824 816
915 731
880 732
208 437
223 330
219 591
998 140
584 208
718 63
906 584
560 169
708 113
485 184
323 21
640 241
215 3
130 705
833 704
6 26
11 368
512 443
825 932
885 808
906 239
713 767
329 946
739 635
665 636
977 818
246 601
601 638
504 407
190 782
345 184
688 442
694 476
135 160
216 395
677 514
551 41
536 894
920 733
298 145
963 641
782 199
443 209
627 556
442 836
204 811
613 705
320 360
377 361
319 586
436 438
455 378
94 206
26 438
812 825
799 785
947 34
311 603
576 968
857 977
532 706
52 629
395 949
602 519
141 137
24 937
443 929
615 783
359 77
990 305
466 405
550 484
487 489
312 803
384 351
332 701
520 731
174 380
512 603
410 542
728 525
656 282
310 255
183 359
334 241
160 724
627 174
148 125
186 424
650 475
281 404
270 520
626 970
111 118
538 564
29 959
910 230
851 660
216 585
219 334
347 529
427 381
855 853
566 488
631 306
8 452
83 776
856 520
428 865
251 206
91 569
476 809
424 660
756 829
62 234
752 504
236 169
660 699
19 309
667 353
722 780
209 743
925 681
692 212
87 642
501 141
476 591
407 27
967 451
93 498
316 87
563 206
307 268
331 303
539 73
192 92
219 693
697 773
754 750
776 404
508 916
508 748
511 266
3 293
5 863
690 473
429 3
549 274
866 758
318 773
211 439
504 427
766 391
805 585
691 938
205 685
559 702
853 861
417 421
440 514
93 856
480 259
121 535
419 480
632 133
23 738
979 664
621 775
642 984
661 108
741 269
600 850
414 820
3 101
592 674
367 252
522 181
262 888
395 987
15 539
748 684
103 871
915 207
497 12
110 980
81 333
86 62
547 568
877 993
414 609
624 238
806 295
554 260
113 124
313 402
117 924
333 623
373 514
47 833
624 576
873 748
952 55
971 245
77 618
852 592
374 148
118 673
22 624
153 711
710 429
456 944
490 413
94 134
244 567
316 132
743 559
857 920
357 363
307 507
770 993
240 950
649 651
294 727
120 620
778 768
853 332
145 389
952 627
34 862
991 690
945 478
643 19
960 149
615 855
118 853
746 642
816 540
6 608
558 205
344 513
932 386
990 408
719 122
353 821
378 566
988 105
127 751
239 289
793 109
847 166
559 594
508 262
738 563
194 533
91 391
850 936
445 644
483 593
245 914
287 669
77 121
557 303
885 674
544 882
964 311
603 401
986 267
237 883
441 918
596 867
967 545
643 439
20 350
21 515
959 77
907 750
730 903
693 49
587 530
768 481
562 844
816 676
907 639
904 220
126 919
324 987
460 267
869 673
337 592
344 276
810 17
259 301
955 984
946 465
907 861
88 793
506 40
237 328
152 778
27 182
212 378
17 124
53 598
610 789
418 902
545 934
529 473
452 568
703 206
706 659
106 935
268 410
843 278
631 687
976 318
581 406
891 514
231 29
178 491
163 261
257 984
794 225
278 54
31 794
538 912
277 134
595 503
957 740
853 894
487 341
415 8
664 572
10 402
266 888
33 595
328 49
383 533
95 110
707 527
211 732
693 544
680 476
936 607
615 319
858 528
401 817
953 508
755 904
591 310
65 716
881 610
453 665
391 727
988 689
111 194
945 578
747 826
570 849
970 608
293 726
722 628
160 885
638 544
555 28
799 790
186 969
904 276
872 168
373 762
873 514
624 648
217 102
608 401
436 256
796 32
122 173
469 184
217 151
671 858
103 570
758 374
485 942
749 401
292 342
210 587
464 871
821 693
770 937
978 580
762 95
763 394
742 178
13 125
74 125
3 187
453 7
990 310
370 871
136 999
46 110
628 730
554 709
957 520
373 449
414 285
625 856
315 456
727 519
68 128
966 745
881 851
309 666
718 382
370 472
774 121
121 634
840 200
915 758
491 664
590 948
115 84
225 532
561 146
375 542
766 213
399 764
661 87
900 263
217 505
462 346
48 442
414 217
674 37
976 806
595 956
427 94
191 9
768 50
218 105
542 100
891 322
697 253
77 867
940 423
356 174
484 891
731 298
476 955
826 586
958 71
528 307
959 234
88 691
880 292
237 494
167 455
133 307
708 697
855 954
230 596
573 162
768 252
221 538
888 777
460 418
249 337
75 253
667 273
833 9
620 343
643 280
839 964
130 381
79 642
689 714
88 239
325 782
36 887
532 860
741 177
593 794
577 445
226 325
808 119
614 543
193 549
840 552
839 938
148 623
25 284
5 862
213 734
603 968
270 937
647 646
789 339
831 101
559 697
399 636
93 855
577 874
195 251
988 932
145 774
993 986
206 921
493 3
120 346
24 582
949 490
341 559
159 626
772 943
476 896
332 870
243 261
321 467
380 122
518 369
242 119
633 233
21 607
759 303
928 323
934 361
293 383
431 481
626 435
421 155
829 270
740 447
354 238
880 298
473 196
577 206
835 466
783 158
589 686
583 944
605 664
877 147
572 455
130 686
437 978
919 338
690 187
36 772
866 164
818 978
883 776
62 707
908 807
670 898
744 819
396 19
769 173
649 645
666 242
840 580
128 576
111 535
594 975
277 353
160 388
607 793
585 144
144 474
827 191
71 86
888 447
979 1000
248 94
232 547
875 843
975 331
914 773
475 345
662 239
276 286
315 496
360 513
525 669
487 534
642 155
487 518
681 935
556 309
594 151
206 74
210 377
484 360
504 364
971 99
592 609
167 869
134 118
817 304
327 611
879 470
94 890
475 916
171 511
392 480
284 694
765 459
570 203
741 34
413 455
419 842
151 695
155 560
88 589
273 52
661 466
759 307
9 91
483 236
941 312
138 945
394 519
697 422
811 922
735 314
95 923
647 624
542 350
907 975
354 242
458 5
237 327
956 667
540 986
407 237
339 651
412 325
288 347
198 178
736 885
411 135
585 624
782 954
769 211
235 955
4 286
407 947
66 627
354 793
733 913
49 412
247 673
395 792
412 922
487 118
611 898
674 854
656 131
602 835
275 815
330 398
314 779
685 264
661 324
603 899
654 573
849 953
461 889
922 253
728 644
603 560
875 823
15 934
749 786
571 222
41 723
614 144
675 108
968 798
640 811
902 309
867 936
30 240
898 388
457 716
975 662
745 835
561 198
375 938
380 988
447 783
55 756
435 444
950 323
475 865
846 784
445 905
401 483
254 735
464 397
542 408
590 388
354 436
541 64
800 838
564 231
791 536
333 566
874 958
800 949
968 747
26 517
618 855
820 431
697 668
223 453
867 76
796 80
869 934
763 175
178 219
196 668
830 979
305 676
114 126
793 639
814 295
980 11
540 859
583 158
747 97
333 785
519 950
593 846
912 234
483 143
418 639
25 263
876 330
572 51
395 875
573 358
137 814
727 657
784 67
489 195
720 833
292 890
461 797
421 811
775 908
979 785
784 353
569 525
931 146
626 742
42 114
686 392
832 966
437 246
220 746
572 631
663 936
264 176
969 8
427 81
84 883
950 31
323 128
950 303
557 684
848 481
726 262
817 602
952 319
593 435
761 945
427 383
503 8
267 726
96 868
260 405
463 686
501 487
307 850
643 748
4 914
152 933
652 870
453 301
857 224
929 819
365 329
554 434
27 192
929 684
381 959
990 983
722 925
273 772
395 757
503 588
130 378
976 683
142 461
970 242
168 72
61 893
14 651
145 296
23 203
226 309
373 130
605 375
903 389
931 14
408 405
740 830
779 646
179 614
239 414
888 420
483 968
500 938
348 132
68 342
724 946
474 525
1 139
737 129
404 816
831 715
279 624
824 891
860 73
992 49
314 37
354 982
263 156
881 975
612 585
582 533
626 925
264 560
994 959
410 786
547 847
362 523
695 351
788 99
798 263
871 702
879 147
789 647
372 727
674 201
913 197
750 420
271 117
240 413
826 508
901 494
977 888
319 857
782 355
821 135
534 788
354 380
118 461
783 127
968 724
256 752
802 907
575 505
545 190
971 68
147 646
593 714
833 123
743 728
66 842
13 849
658 6
196 956
412 657
87 785
724 362
448 165
956 823
24 884
294 548
79 790
724 473
410 97
639 206
822 954
434 859
736 551
149 708
866 950
278 40
33 875
840 581
309 910
426 874
962 936
524 999
267 406
305 95
487 307
624 379
149 934
888 667
615 55
671 993
653 342
451 322
532 924
70 973
438 76
828 732
336 514
798 508
103 368
92 199
116 960
183 312
557 11
45 678
764 561
37 979
996 396
651 91
779 110
176 185
712 91
755 95
224 661
354 732
134 6
615 507
344 314
859 13
660 74
664 13
920 951
522 87
670 928
177 946
161 21
15 438
367 899
561 532
800 716
32 294
30 337
420 693
973 287
99 334
389 254
964 614
165 327
898 916
830 75
126 996
125 687
660 654
511 682
170 382
331 129
203 902
178 408
709 956
925 623
325 931
108 53
992 736
222 53
558 563
170 656
245 252
781 368
430 422
676 410
435 268
499 577
338 449
162 883
783 535
442 483
804 437
589 43
239 752
277 275
718 523
249 836
124 816
370 720
478 543
816 506
283 543
931 923
858 734
730 102
59 52
577 567
82 111
55 416
115 205
810 919
284 838
451 207
824 819
282 682
580 810
915 589
719 751
209 18
880 950
892 153
440 282
208 214
405 996
742 791
946 988
375 858
569 323
224 74
938 392
405 597
95 728
21 549
540 635
595 640
191 245
449 510
267 685
180 122
311 912
845 376
497 391
946 657
985 333
804 823
17 675
329 657
716 491
535 929
133 221
65 191
375 414
378 174
21 872
425 23
657 876
587 495
787 801
645 195
758 372
761 464
897 424
429 600
255 474
610 823
719 20
866 173
540 174
367 675
782 919
280 891
581 945
113 362
188 112
524 762
83 282
515 905
469 546
221 504
120 789
227 603
981 430
88 307
879 887
753 519
607 420
538 349
296 832
118 659
836 602
585 222
107 398
418 751
153 106
447 584
158 757
845 613
997 698
927 67
768 712
508 473
789 174
449 786
81 777
909 581
15 554
767 913
272 534
183 352
21 389
101 215
727 359
984 809
453 746
258 968
759 950
651 99
391 676
160 640
950 445
347 232
354 644
780 724
565 794
768 52
756 81
882 174
593 33
946 851
873 817
121 948
198 684
293 712
369 82
756 538
958 250
461 386
890 532
762 888
378 480
300 463
55 878
995 371
523 536
549 616
240 336
347 596
350 789
185 216
448 269
782 166
531 98
950 872
424 294
316 780
319 619
912 523
761 413
577 145
227 264
464 950
762 974
675 828
677 150
145 13
62 602
834 403
361 943
583 236
862 61
408 760
10 788
545 733
875 178
737 479
474 889
918 482
41 878
304 655
267 284
567 905
288 721
883 588
754 892
685 318
425 600
986 333
656 204
10 473
447 620
567 175
864 414
890 772
465 325
926 730
396 685
827 115
719 897
600 567
793 176
578 934
997 944
335 569
941 739
803 331
385 422
884 358
873 181
483 391
390 177
232 133
345 426
532 781
506 566
954 852
301 667
380 116
756 719
427 205
212 941
539 716
795 614
527 559
947 675
488 348
142 963
256 578
591 812
170 8
562 822
669 485
948 63
204 799
626 256
347 801
385 588
867 54
740 200
657 820
985 167
568 505
930 736
255 269
666 522
648 49
942 695
65 385
105 896
269 55
829 984
74 465
859 151
312 550
673 145
908 850
302 193
416 580
715 601
439 376
616 675
657 487
841 258
733 276
554 633
520 809
698 606
482 588
755 629
130 16
315 20
887 924
176 894
567 770
435 751
277 208
478 691
390 337
176 973
234 95
895 262
642 230
300 102
448 657
512 518
825 577
861 259
148 210
955 194
168 752
443 406
262 174
985 779
747 420
51 999
590 29
149 345
152 435
318 352
25 438
158 137
311 988
96 592
405 560
707 80
323 347
489 615
94 666
440 93
795 725
650 240
838 789
674 234
142 812
398 474
754 60
575 62
30 737
576 680
968 610
751 857
863 371
994 766
596 670
636 175
160 74
437 530
956 550
425 58
902 580
762 757
908 641
47 215
449 172
820 469
900 209
471 887
477 758
722 979
905 202
636 909
875 463
986 620
199 905
238 721
954 294
231 858
62 387
292 396
809 126
314 580
387 400
579 644
66 625
106 930
13 86
861 818
217 299
59 504
938 557
596 193
277 274
491 370
819 339
895 452
954 502
699 35
336 961
776 574
281 64
448 991
325 561
344 736
988 217
663 307
597 571
546 575
180 993
309 643
55 419
3 607
905 270
581 983
586 959
664 989
24 444
613 454
297 904
813 854
770 337
538 685
924 248
315 764
58 111
530 781
804 516
967 736
487 794
471 497
141 730
720 419
423 114
480 556
817 419
254 626
521 423
340 772
997 170
148 754
418 449
39 613
929 971
751 780
541 94
160 301
1000 271
602 463
985 509
587 273
705 44
165 203
234 645
477 681
812 934
818 551
27 88
883 121
605 685
951 833
991 64
776 15
887 403
815 246
378 897
86 438
749 398
165 45
366 202
672 479
641 768
204 660
614 743
705 153
213 930
395 563
183 782
773 576
10 704
999 168
247 647
475 295
771 163
832 947
689 798
942 56
377 815
953 865
935 785
647 991
614 336
135 841
287 18
922 223
798 426
619 379
984 524
954 236
665 119
922 334
249 562
33 749
396 537
751 511
272 535
811 954
63 793
211 618
395 339
328 674
401 786
351 565
292 681
647 97
7 198
120 432
531 568
548 506
436 828
102 453
275 374
924 537
